# BF 2 point correlation for input file : ./../../../DLA Mock Catalogue/DLAhost_snap49_r1_b1 (copy).txt
# Separation[R]	Correlation Value[Xi(R)]
1.90381 19.3299
3.90381 6.48358
5.90381 3.36247
7.90381 2.03036
9.90381 1.4403
11.9038 0.950027
13.9038 0.629823
15.9038 0.460709
17.9038 0.356757
19.9038 0.243403
21.9038 0.23983
23.9038 0.200855
25.9038 0.14729
27.9038 0.0923395
29.9038 0.0761126
31.9038 0.0439383
33.9038 -0.00527819
35.9038 -0.0182186
37.9038 -0.0428457
39.9038 -0.0585356
41.9038 -0.0632172
43.9038 -0.0686076
45.9038 -0.0614218
47.9038 -0.0574675
49.9038 -0.0393314
51.9038 -0.0202113
53.9038 -0.00347795
55.9038 0.00294171
57.9038 0.016156
59.9038 0.00902388
61.9038 0.0141364
63.9038 -0.00280573
65.9038 -0.00258913
67.9038 -0.00234422
69.9038 -0.0191788
71.9038 -0.00982072
73.9038 -0.00843699
75.9038 -0.00706736
77.9038 -0.0154958
79.9038 -0.0196572
81.9038 -0.0319023
83.9038 -0.0252081
85.9038 -0.0260456
87.9038 -0.0356717
89.9038 -0.0338323
91.9038 -0.0502568
93.9038 -0.0422597
95.9038 -0.0327483
97.9038 -0.0132711
99.9038 0.000769111
101.904 0.0180105
103.904 0.0348383
105.904 0.0399525
107.904 0.0524842
109.904 0.0625305
111.904 0.0675785
113.904 0.0580433
115.904 0.0687567
117.904 0.0765516
119.904 0.0760331
121.904 0.0783471
123.904 0.0670157
125.904 0.0499372
127.904 0.0495325
129.904 0.0317678
131.904 0.0131084
133.904 -0.00348831
135.904 -0.0232947
137.904 -0.0289011
139.904 -0.040614
141.904 -0.0483987
143.904 -0.0395252
145.904 -0.0554663
147.904 -0.077666
149.904 -0.0883099
151.904 -0.0891099
153.904 -0.0966477
155.904 -0.106441
157.904 -0.113278
159.904 -0.116415
161.904 -0.116828
163.904 -0.143229
165.904 -0.133684
167.904 -0.099666
169.904 -0.108894
171.904 -0.139837
173.904 -0.144641
175.904 -0.150747
177.904 -0.121529
179.904 -0.128741
181.904 -0.191235
183.904 -0.223805
185.904 -0.25326
187.904 -0.231429
189.904 -0.169734
191.904 -0.135787
193.904 -0.11782
195.904 -0.145055
197.904 -0.096715
199.904 -0.149338
201.904 -0.221023
203.904 -0.140369
205.904 -0.180329
207.904 -0.0622181
209.904 -0.087856
211.904 -0.099275
213.904 -0.0298507
215.904 0.065289
217.904 0.115226
219.904 0.0408362
221.904 0.0970989
223.904 -0.118946
225.904 -0.149945
227.904 -0.199214
229.904 -0.20198
231.904 -0.237726
233.904 -0.338983
235.904 -0.184049
237.904 0.382979
239.904 1.37349
241.904 1.26316
243.904 1.87097
245.904 1.06667
247.904 -0.444444
249.904 -0.8
251.904 -0.666667
253.904 0
255.904 0
