# BF 2 point correlation for input file : ./../Data/DLAhost_snap49_r1_b1T10 (copy).txt
# Separation[R]	Correlation Value[Xi(R)]
0.0551138 0
0.0693036 0
0.0871467 0
0.109584 0
0.137798 0
0.173275 -0.666667
0.217887 40
0.273985 13.1429
0.344526 25.7143
0.433229 27.3846
0.54477 17.6129
0.685028 16.2791
0.861397 7.54472
1.08317 6.30986
1.36205 4.11714
1.71273 3.78458
2.15369 2.5659
2.70819 1.78485
3.40545 1.30087
4.28223 0.918247
5.38474 0.696403
6.77112 0.525846
8.51443 0.372163
10.7066 0.260564
13.4631 0.169807
16.9294 0.107125
21.2881 0.0620384
26.769 0.0406309
33.661 0.0237985
