# BF 2 point correlation for input file : ./../Data/DLAhost_snap49_r1_b1alpha (copy).txt
# Separation[R]	Correlation Value[Xi(R)]
0.0551138 0
0.0693036 0
0.0871467 2
0.109584 14
0.137798 26
0.173275 38
0.217887 64
0.273985 90
0.344526 184
0.433229 240
0.54477 59.2
0.685028 155.333
0.861397 586
1.08317 253.333
1.36205 124
1.71273 66.5333
2.15369 45.6552
2.70819 31.4894
3.40545 15.0244
4.28223 7.88612
5.38474 5.19093
6.77112 3.16652
8.51443 2.15829
10.7066 1.40954
13.4631 0.783145
16.9294 0.481044
21.2881 0.192534
26.769 0.0973795
33.661 -0.00312446
