# KDTree 2 point correlation for input file : ./../../DLA Mock Catalogue/DLAhost_snap49_r1_b1alpha (copy).txt
# Separation[R]     Correlation Value[Xi(R)]
1.9038105676658006 47.908256880733944
3.9038105676658006 8.924335378323109
5.903810567665801 4.293225480283114
7.903810567665801 2.679977814753189
9.9038105676658 1.7658251006220271
11.9038105676658 1.1809523809523808
13.9038105676658 0.6498047238236935
15.9038105676658 0.6084093969774054
17.9038105676658 0.33798782670963123
19.9038105676658 0.2717446206687544
21.9038105676658 0.23082713055114157
23.9038105676658 0.1658953364186544
25.9038105676658 0.11328346011190038
27.9038105676658 0.034732592223881475
29.9038105676658 0.0979812653408807
31.9038105676658 0.07856850901494172
33.9038105676658 -0.023882300199698392
35.9038105676658 -0.05008957624949728
37.9038105676658 -0.06763219482413596
39.9038105676658 -0.045421796197099296
41.9038105676658 -0.07864086172169193
43.9038105676658 -0.07929297100850752
45.9038105676658 -0.07801873476196586
47.9038105676658 -0.0817241628697476
49.9038105676658 -0.0947637697235868
51.9038105676658 -0.05696054450707222
53.9038105676658 -0.02514211201890748
55.9038105676658 -0.009266588158072575
57.9038105676658 -0.02942755085043769
59.9038105676658 0.004471288199765722
61.9038105676658 0.00895806312148717
63.9038105676658 -0.03849791746179243
65.9038105676658 -0.017767763740243026
67.9038105676658 -0.017258835807411277
69.9038105676658 -0.035238993428242105
71.9038105676658 -0.054731643547098585
73.9038105676658 -0.04493774457488442
75.9038105676658 -0.021784479258543654
77.9038105676658 -0.06106137669138911
79.9038105676658 -0.051919738382655733
81.9038105676658 -0.05208097338646267
83.9038105676658 -0.05201002027913637
85.9038105676658 -0.05998378816536076
87.9038105676658 -0.019753982553241123
89.9038105676658 -0.04532102391942927
91.9038105676658 -0.04746381866842553
93.9038105676658 -0.04588125899601314
95.9038105676658 -0.058988657963972346
97.9038105676658 -0.024982772661780395
99.9038105676658 0.006281831491747214
101.9038105676658 0.046245692864986365
103.9038105676658 0.049326498683524234
105.9038105676658 0.04327051718206487
107.9038105676658 0.07518720261254486
109.9038105676658 0.10362480496202409
111.9038105676658 0.10254001800320922
113.9038105676658 0.0848584151481917
115.9038105676658 0.098646368841244
117.9038105676658 0.1069085030891681
119.9038105676658 0.12930640718645758
121.9038105676658 0.09382966437092444
123.9038105676658 0.0816056017404585
125.9038105676658 0.040396016299630855
127.9038105676658 0.027760834312748228
129.9038105676658 0.018542428249202825
131.9038105676658 0.016150696680853782
133.9038105676658 -0.003036554171136241
135.9038105676658 -0.007357917570498862
137.9038105676658 -0.009975963710624813
139.9038105676658 -0.04594302609882295
141.9038105676658 -0.07660409863979645
143.9038105676658 -0.03849183538779244
145.9038105676658 -0.07420760787714209
147.9038105676658 -0.06912252658092954
149.9038105676658 -0.07767401254001427
151.9038105676658 -0.08319170387440589
153.9038105676658 -0.0887616770987324
155.9038105676658 -0.11965577536256733
157.9038105676658 -0.1058489494605338
159.9038105676658 -0.08397687470987891
161.9038105676658 -0.10838210220727151
163.9038105676658 -0.17136185980407082
165.9038105676658 -0.10631907055823175
167.9038105676658 -0.08805189897335763
169.9038105676658 -0.15068588538402616
171.9038105676658 -0.2098948188546942
173.9038105676658 -0.1825162960978659
175.9038105676658 -0.15477778918197682
177.9038105676658 -0.13218455957374442
179.9038105676658 -0.12799571562458156
181.9038105676658 -0.17255496588324493
183.9038105676658 -0.24408206207259342
185.9038105676658 -0.2380646542496253
187.9038105676658 -0.20757214720677786
189.9038105676658 -0.06546080964685619
191.9038105676658 0.006861063464836947
193.9038105676658 0.19315721091381555
195.9038105676658 -0.03598971722365041
197.9038105676658 0.015084852294154683
199.9038105676658 -0.0875684128225176
201.9038105676658 -0.10149253731343288
203.9038105676658 0.1366313309776208
205.9038105676658 -0.014947683109118093
207.9038105676658 -0.05048543689320384
209.9038105676658 0.08042895442359255
211.9038105676658 0.25468164794007486
213.9038105676658 0.2857142857142858
215.9038105676658 0.658682634730539
217.9038105676658 1.3037037037037038
219.9038105676658 0.5546218487394958
221.9038105676658 1.3866666666666667
223.9038105676658 0.24615384615384617
225.9038105676658 -0.3902439024390244
227.9038105676658 0.37037037037037046
229.9038105676658 -0.48275862068965514
231.9038105676658 -0.3076923076923077
233.9038105676658 -0.2857142857142857
235.9038105676658 -0.8
237.9038105676658 8.0
239.9038105676658 22.0
241.9038105676658 30.0
243.9038105676658 22.0
245.9038105676658 4.0
247.9038105676658 0.0
249.9038105676658 0.0
251.9038105676658 0.0
253.9038105676658 0.0
255.9038105676658 0.0
