# KDTree 2 point correlation for input file:DLAhost_snap49_r1_b1T10 (copy).txt
# Separation[R]     Correlation Value[Xi(R)]
1.9038105676658006 2.625590757920532
3.9038105676658006 1.0722063840725333
5.903810567665801 0.6321703256836038
7.903810567665801 0.439698462634297
9.9038105676658 0.31507028894423916
11.9038105676658 0.26291182982370365
13.9038105676658 0.20572475045064653
15.9038105676658 0.17051348173870706
17.9038105676658 0.14117011840024674
19.9038105676658 0.12891268094047414
21.9038105676658 0.11422241611774475
23.9038105676658 0.11120558620423604
25.9038105676658 0.09837572087851743
27.9038105676658 0.11004707991712026
29.9038105676658 0.10597169959856156
31.9038105676658 0.10634531474093745
33.9038105676658 0.10558343514134627
35.9038105676658 0.10790630230242493
37.9038105676658 0.10639198103893821
39.9038105676658 0.10565187599231218
41.9038105676658 0.10657588913058991
43.9038105676658 0.11280964323087006
45.9038105676658 0.11098494102258716
47.9038105676658 0.10358169611050783
49.9038105676658 0.11109793227249609
51.9038105676658 0.10974669418694627
53.9038105676658 0.11039631162883357
55.9038105676658 0.10965155034760588
57.9038105676658 0.10783021049734631
59.9038105676658 0.1026215328216431
61.9038105676658 0.10410442729930858
63.9038105676658 0.1081810501645597
65.9038105676658 0.10410661097429807
67.9038105676658 0.10116108144627645
69.9038105676658 0.10146076004860838
71.9038105676658 0.09618235618605064
73.9038105676658 0.09082970888008801
75.9038105676658 0.08757045139417285
77.9038105676658 0.0810870555272949
79.9038105676658 0.07829849109467779
81.9038105676658 0.07414700058321078
83.9038105676658 0.06903559532590431
85.9038105676658 0.06502978604749021
87.9038105676658 0.057172201395189415
89.9038105676658 0.04878820978843024
91.9038105676658 0.04120748883870329
93.9038105676658 0.033023071019347316
95.9038105676658 0.02845647416782837
97.9038105676658 0.02023323116333353
99.9038105676658 0.013905445420780538
101.9038105676658 0.00808213536618374
103.9038105676658 0.004133997168473069
105.9038105676658 0.0018373550429273688
107.9038105676658 -0.0028985967251989875
109.9038105676658 -0.00826840627078096
111.9038105676658 -0.013904686567237534
113.9038105676658 -0.02036097080711685
115.9038105676658 -0.028177746869488374
117.9038105676658 -0.029890789444901977
119.9038105676658 -0.04158271595052565
121.9038105676658 -0.04937839669419053
123.9038105676658 -0.058162456243557314
125.9038105676658 -0.06526881604767343
127.9038105676658 -0.07290627488687895
129.9038105676658 -0.0785866956560548
131.9038105676658 -0.08713709269331882
133.9038105676658 -0.09307448452933009
135.9038105676658 -0.10090578742536405
137.9038105676658 -0.1147958768227888
139.9038105676658 -0.12194422741631827
141.9038105676658 -0.13174430731246756
143.9038105676658 -0.14202504383666448
145.9038105676658 -0.15155187938356918
147.9038105676658 -0.16343963123050664
149.9038105676658 -0.1722029881049829
151.9038105676658 -0.1802993271156791
153.9038105676658 -0.1904597395181079
155.9038105676658 -0.19872418882679133
157.9038105676658 -0.2041291269913953
159.9038105676658 -0.21676898133508693
161.9038105676658 -0.2195628426420354
163.9038105676658 -0.22668239410647717
165.9038105676658 -0.2403106430018349
167.9038105676658 -0.24593718983501567
169.9038105676658 -0.25257603497365144
171.9038105676658 -0.2573353921734134
173.9038105676658 -0.2644793316308881
175.9038105676658 -0.27110036607627797
177.9038105676658 -0.2739193977857415
179.9038105676658 -0.2791577068612152
181.9038105676658 -0.284105337748919
183.9038105676658 -0.2887648564363191
185.9038105676658 -0.2968250479154374
187.9038105676658 -0.3113338577368243
189.9038105676658 -0.31310052664106536
191.9038105676658 -0.32009942519807366
193.9038105676658 -0.3262544994148
195.9038105676658 -0.32834350112428
197.9038105676658 -0.3433630575956296
199.9038105676658 -0.3505200036264263
201.9038105676658 -0.3484220133540422
203.9038105676658 -0.35580531781806624
205.9038105676658 -0.3557269534032571
207.9038105676658 -0.35371219347097016
209.9038105676658 -0.32556677537228396
211.9038105676658 -0.33000645513679927
213.9038105676658 -0.3454104779069045
215.9038105676658 -0.3214372029324095
217.9038105676658 -0.32126276694521816
219.9038105676658 -0.2809962845741021
221.9038105676658 -0.2817049640413962
223.9038105676658 -0.27582869586256953
225.9038105676658 -0.22460240181759172
227.9038105676658 -0.26538629419467485
229.9038105676658 -0.2535384615384615
231.9038105676658 -0.14423922603342132
233.9038105676658 -0.3494132985658409
235.9038105676658 -0.3037475345167653
237.9038105676658 -0.16413373860182368
239.9038105676658 -0.2931937172774869
241.9038105676658 -0.4055944055944056
243.9038105676658 -0.679245283018868
245.9038105676658 -0.8108108108108107
247.9038105676658 0.0
249.9038105676658 -0.36363636363636365
251.9038105676658 -0.8
253.9038105676658 0.0
255.9038105676658 0.0
