# KDTree 2 point correlation for input file : ./../../DLA Mock Catalogue/DLAhost_snap49_r1_b1alpha (copy).txt
# Separation[R]     Correlation Value[Xi(R)]
1.9038105676658006 20.5716523101018
3.9038105676658006 6.503995322549211
5.903810567665801 3.287366315972524
7.903810567665801 2.0835548422689203
9.9038105676658 1.405102997768651
11.9038105676658 0.9436382512400507
13.9038105676658 0.6204290127185186
15.9038105676658 0.4671789124005781
17.9038105676658 0.3586562968310745
19.9038105676658 0.240303473262248
21.9038105676658 0.2256320571797894
23.9038105676658 0.1834990202014284
25.9038105676658 0.13499087823144995
27.9038105676658 0.08144294346072534
29.9038105676658 0.057478354642158225
31.9038105676658 0.03693597310541863
33.9038105676658 -0.019357246647268345
35.9038105676658 -0.03194104009048304
37.9038105676658 -0.05269656036508963
39.9038105676658 -0.06992467441041883
41.9038105676658 -0.07953155999801864
43.9038105676658 -0.08259645959479056
45.9038105676658 -0.07617558360326149
47.9038105676658 -0.06529627239230429
49.9038105676658 -0.05295906432748543
51.9038105676658 -0.03140166123671562
53.9038105676658 -0.021400240505610846
55.9038105676658 -0.00692181337455966
57.9038105676658 0.005330212552734581
59.9038105676658 -0.0032750828029169954
61.9038105676658 0.003661698847824857
63.9038105676658 -0.01713422910185214
65.9038105676658 -0.01410915788051803
67.9038105676658 -0.014390167468384507
69.9038105676658 -0.025349088761367433
71.9038105676658 -0.02213918990691477
73.9038105676658 -0.01784612907540073
75.9038105676658 -0.015806756548722434
77.9038105676658 -0.024747970758508764
79.9038105676658 -0.029271249766257723
81.9038105676658 -0.03881298574837555
83.9038105676658 -0.03227499250754873
85.9038105676658 -0.03553340413376371
87.9038105676658 -0.044008315625197914
89.9038105676658 -0.04690399672815804
91.9038105676658 -0.05406692542410929
93.9038105676658 -0.0452025000366062
95.9038105676658 -0.03887480976383284
97.9038105676658 -0.019384362654984888
99.9038105676658 -0.007785431550116795
101.9038105676658 0.011646100204569576
103.9038105676658 0.027933491261988408
105.9038105676658 0.030970188088440764
107.9038105676658 0.04395604395604402
109.9038105676658 0.05377484916603037
111.9038105676658 0.06128943965936817
113.9038105676658 0.050244484790630706
115.9038105676658 0.06642734597106315
117.9038105676658 0.06991877461352813
119.9038105676658 0.0724509878635462
121.9038105676658 0.07560786014258247
123.9038105676658 0.07099097142149913
125.9038105676658 0.05301622469284517
127.9038105676658 0.054372108871497016
129.9038105676658 0.03631175676246512
131.9038105676658 0.025195877858505522
133.9038105676658 0.0020988985876828625
135.9038105676658 -0.01373493211808785
137.9038105676658 -0.015016972208501733
139.9038105676658 -0.026097621124375858
141.9038105676658 -0.03514893986038248
143.9038105676658 -0.02004748863822381
145.9038105676658 -0.03849377289377287
147.9038105676658 -0.05508423870256651
149.9038105676658 -0.06739650033934319
151.9038105676658 -0.060843246982668076
153.9038105676658 -0.07638834941053241
155.9038105676658 -0.08072893045139728
157.9038105676658 -0.08404959282118796
159.9038105676658 -0.07983696702447252
161.9038105676658 -0.0897268832900876
163.9038105676658 -0.10439156608591105
165.9038105676658 -0.09171432196341389
167.9038105676658 -0.05705021607560823
169.9038105676658 -0.06876119688545401
171.9038105676658 -0.09354631593283658
173.9038105676658 -0.08632799082052522
175.9038105676658 -0.09197733963337706
177.9038105676658 -0.06638332697834037
179.9038105676658 -0.07244769719819621
181.9038105676658 -0.12569002123142248
183.9038105676658 -0.15937398843117112
185.9038105676658 -0.18003225333528805
187.9038105676658 -0.15193502150023885
189.9038105676658 -0.09136740178115355
191.9038105676658 -0.04935017003664355
193.9038105676658 -0.030158878214096907
195.9038105676658 -0.030618867636391434
197.9038105676658 0.02939124773287438
199.9038105676658 -0.013254870593612522
201.9038105676658 -0.09375653993721655
203.9038105676658 0.004366430879399141
205.9038105676658 -0.03780105842963599
207.9038105676658 0.05599687459304592
209.9038105676658 0.09790209790209792
211.9038105676658 0.0599431196674689
213.9038105676658 0.1518116900290929
215.9038105676658 0.2753675152384367
217.9038105676658 0.37817845584835874
219.9038105676658 0.21855435401252143
221.9038105676658 0.4979789814066289
223.9038105676658 0.1186623516720604
225.9038105676658 0.10935251798561141
227.9038105676658 0.24439918533604899
229.9038105676658 0.2249240121580547
231.9038105676658 0.277056277056277
233.9038105676658 0.19631901840490795
235.9038105676658 0.09917355371900816
237.9038105676658 1.6
239.9038105676658 3.8048780487804876
241.9038105676658 3.7777777777777777
243.9038105676658 2.869565217391304
245.9038105676658 1.8181818181818183
247.9038105676658 0.0
249.9038105676658 -0.8888888888888888
251.9038105676658 -0.8
253.9038105676658 0.0
255.9038105676658 0.0
