# SHDB 2 point correlation for input file: DLAhost_snap49_r1_b1 (copy).txt
# Separation[R]     Correlation Value[Xi(R)]
1.125 53.49166666666667
3.375 11.191796990262615
5.625 5.317695564965455
7.875 3.240450455548639
10.125 2.206463502030509
12.374999999999998 1.5299362183663674
14.625 1.1018437510126051
16.875 0.9169964793007164
19.125 0.7570540411286466
21.375000000000004 0.6750648838162308
23.624999999999996 0.6486879735086046
25.874999999999996 0.5660308469077462
28.125 0.4768653918260217
30.375000000000004 0.4359159117943088
32.62499999999999 0.38785297085515014
34.875 0.326518051533079
37.125 0.30747357280389687
39.375 0.27992124382315575
41.62499999999999 0.27549287544661616
43.875 0.27593334052776664
