# SHDB 2 point correlation for input file: DLAhost_snap49_r1_b1T10 (copy).txt
# Separation[R]     Correlation Value[Xi(R)]
1.125 4.485174203113417
3.375 1.3171550346297285
5.625 0.7439462150209231
7.875 0.4927779171894604
10.125 0.36905273497452273
12.374999999999998 0.29159929096885917
14.625 0.24314531980684273
16.875 0.20867723981720987
19.125 0.19700063585279226
21.375000000000004 0.17869360951403235
23.624999999999996 0.17916311307245736
25.874999999999996 0.17181411770444255
28.125 0.17898341701697484
30.375000000000004 0.1788782223594534
32.62499999999999 0.17792338083189052
34.875 0.1745318224383301
37.125 0.1777008321000766
39.375 0.16799874012381766
41.62499999999999 0.1701402154740872
43.875 0.17430390362169157
