# SHDB 2 point correlation for input file: DLAhost_snap49_r1_b1alpha (copy).txt
# Separation[R]     Correlation Value[Xi(R)]
1.125 94.41379310344827
3.375 17.45098039215686
5.625 6.10011641443539
7.875 3.881653099561678
10.125 2.6646034816247584
12.374999999999998 1.792472556194459
14.625 1.366268210683601
16.875 1.1649469762109486
19.125 0.8232792389479575
21.375000000000004 0.8006605963220854
23.624999999999996 0.6978324629801846
25.874999999999996 0.5926615421570982
28.125 0.4896820970440603
30.375000000000004 0.515552268673598
32.62499999999999 0.40853386809269154
34.875 0.35001156680657
37.125 0.32379438261791194
39.375 0.31689704972147714
41.62499999999999 0.31532637136175246
43.875 0.2999832726968594
