  0.109961E-04  0.202931E+08  0.202931E+08  0.270397E+08  0.270397E+08  0.000000E+00  0.202931E+08
  0.121526E-04  0.202931E+08  0.202931E+08  0.270358E+08  0.270358E+08  0.000000E+00  0.202931E+08
  0.134307E-04  0.202931E+08  0.202931E+08  0.270310E+08  0.270309E+08  0.000000E+00  0.202931E+08
  0.148432E-04  0.202931E+08  0.202931E+08  0.270251E+08  0.270250E+08  0.000000E+00  0.202931E+08
  0.164043E-04  0.202931E+08  0.202931E+08  0.270179E+08  0.270179E+08  0.000000E+00  0.202931E+08
  0.181295E-04  0.202931E+08  0.202931E+08  0.270092E+08  0.270091E+08  0.000000E+00  0.202931E+08
  0.200362E-04  0.202930E+08  0.202930E+08  0.269984E+08  0.269984E+08  0.000000E+00  0.202930E+08
  0.221435E-04  0.202930E+08  0.202930E+08  0.269854E+08  0.269853E+08  0.000000E+00  0.202930E+08
  0.244723E-04  0.202930E+08  0.202930E+08  0.269694E+08  0.269693E+08  0.000000E+00  0.202930E+08
  0.270461E-04  0.202929E+08  0.202929E+08  0.269499E+08  0.269498E+08  0.000000E+00  0.202929E+08
  0.298906E-04  0.202929E+08  0.202929E+08  0.269262E+08  0.269260E+08  0.000000E+00  0.202929E+08
  0.330342E-04  0.202928E+08  0.202928E+08  0.268972E+08  0.268969E+08  0.000000E+00  0.202928E+08
  0.365084E-04  0.202928E+08  0.202928E+08  0.268618E+08  0.268615E+08  0.000000E+00  0.202928E+08
  0.403480E-04  0.202927E+08  0.202927E+08  0.268186E+08  0.268183E+08  0.000000E+00  0.202927E+08
  0.445915E-04  0.202926E+08  0.202926E+08  0.267660E+08  0.267655E+08  0.000000E+00  0.202926E+08
  0.492812E-04  0.202924E+08  0.202924E+08  0.267018E+08  0.267013E+08  0.000000E+00  0.202924E+08
  0.544641E-04  0.202923E+08  0.202923E+08  0.266236E+08  0.266230E+08  0.000000E+00  0.202923E+08
  0.601922E-04  0.202921E+08  0.202921E+08  0.265284E+08  0.265276E+08  0.000000E+00  0.202921E+08
  0.665226E-04  0.202918E+08  0.202918E+08  0.264125E+08  0.264116E+08  0.000000E+00  0.202918E+08
  0.735189E-04  0.202916E+08  0.202916E+08  0.262716E+08  0.262705E+08  0.000000E+00  0.202916E+08
  0.812509E-04  0.202912E+08  0.202912E+08  0.261004E+08  0.260990E+08  0.000000E+00  0.202912E+08
  0.897962E-04  0.202908E+08  0.202908E+08  0.258927E+08  0.258910E+08  0.000000E+00  0.202908E+08
  0.992401E-04  0.202902E+08  0.202902E+08  0.256411E+08  0.256390E+08  0.000000E+00  0.202902E+08
  0.109677E-03  0.202896E+08  0.202896E+08  0.253367E+08  0.253342E+08  0.000000E+00  0.202896E+08
  0.121212E-03  0.202888E+08  0.202888E+08  0.249694E+08  0.249664E+08  0.000000E+00  0.202888E+08
  0.133960E-03  0.202879E+08  0.202879E+08  0.245274E+08  0.245238E+08  0.000000E+00  0.202879E+08
  0.148049E-03  0.202867E+08  0.202867E+08  0.239971E+08  0.239929E+08  0.000000E+00  0.202867E+08
  0.163619E-03  0.202853E+08  0.202853E+08  0.233636E+08  0.233586E+08  0.000000E+00  0.202853E+08
  0.180827E-03  0.202836E+08  0.202836E+08  0.226106E+08  0.226046E+08  0.000000E+00  0.202836E+08
  0.199845E-03  0.202815E+08  0.202815E+08  0.217208E+08  0.217139E+08  0.000000E+00  0.202815E+08
  0.220863E-03  0.202789E+08  0.202789E+08  0.206775E+08  0.206695E+08  0.000000E+00  0.202789E+08
  0.244091E-03  0.202758E+08  0.202758E+08  0.194655E+08  0.194563E+08  0.000000E+00  0.202758E+08
  0.269763E-03  0.202721E+08  0.202721E+08  0.180736E+08  0.180633E+08  0.000000E+00  0.202721E+08
  0.298134E-03  0.202675E+08  0.202675E+08  0.164979E+08  0.164866E+08  0.000000E+00  0.202675E+08
  0.329489E-03  0.202621E+08  0.202620E+08  0.147458E+08  0.147338E+08  0.000000E+00  0.202621E+08
  0.364141E-03  0.202555E+08  0.202554E+08  0.128409E+08  0.128285E+08  0.000000E+00  0.202554E+08
  0.402439E-03  0.202475E+08  0.202475E+08  0.108275E+08  0.108153E+08  0.000000E+00  0.202475E+08
  0.444763E-03  0.202380E+08  0.202380E+08  0.877517E+07  0.876386E+07  0.000000E+00  0.202380E+08
  0.491540E-03  0.202266E+08  0.202266E+08  0.677822E+07  0.676872E+07  0.000000E+00  0.202266E+08
  0.543235E-03  0.202130E+08  0.202130E+08  0.495028E+07  0.494344E+07  0.000000E+00  0.202130E+08
  0.600368E-03  0.201970E+08  0.201969E+08  0.340837E+07  0.340481E+07  0.000000E+00  0.201970E+08
  0.663509E-03  0.201780E+08  0.201779E+08  0.224623E+07  0.224607E+07  0.000000E+00  0.201780E+08
  0.733291E-03  0.201557E+08  0.201556E+08  0.150008E+07  0.150272E+07  0.000000E+00  0.201557E+08
  0.810412E-03  0.201296E+08  0.201295E+08  0.111930E+07  0.112341E+07  0.000000E+00  0.201296E+08
  0.895643E-03  0.200992E+08  0.200991E+08  0.964188E+06  0.968191E+06  0.000000E+00  0.200992E+08
  0.989839E-03  0.200639E+08  0.200637E+08  0.853442E+06  0.856294E+06  0.000000E+00  0.200639E+08
  0.109394E-02  0.200231E+08  0.200229E+08  0.659043E+06  0.660876E+06  0.000000E+00  0.200230E+08
  0.120899E-02  0.199760E+08  0.199758E+08  0.392501E+06  0.394234E+06  0.000000E+00  0.199759E+08
  0.133614E-02  0.199219E+08  0.199216E+08  0.184243E+06  0.185991E+06  0.000000E+00  0.199218E+08
  0.147667E-02  0.198598E+08  0.198595E+08  0.123213E+06  0.123370E+06  0.000000E+00  0.198598E+08
  0.163197E-02  0.197889E+08  0.197886E+08  0.000000E+00  0.000000E+00  0.000000E+00  0.197889E+08
  0.180360E-02  0.197081E+08  0.197077E+08  0.000000E+00  0.000000E+00  0.000000E+00  0.197081E+08
  0.199329E-02  0.196164E+08  0.196158E+08  0.000000E+00  0.000000E+00  0.000000E+00  0.196163E+08
  0.220293E-02  0.195124E+08  0.195118E+08  0.000000E+00  0.000000E+00  0.000000E+00  0.195123E+08
  0.243461E-02  0.193951E+08  0.193943E+08  0.000000E+00  0.000000E+00  0.000000E+00  0.193949E+08
  0.269066E-02  0.192630E+08  0.192620E+08  0.000000E+00  0.000000E+00  0.000000E+00  0.192628E+08
  0.297364E-02  0.191148E+08  0.191137E+08  0.000000E+00  0.000000E+00  0.000000E+00  0.191146E+08
  0.328638E-02  0.189492E+08  0.189478E+08  0.000000E+00  0.000000E+00  0.000000E+00  0.189489E+08
  0.363201E-02  0.187645E+08  0.187628E+08  0.000000E+00  0.000000E+00  0.000000E+00  0.187643E+08
  0.401400E-02  0.185595E+08  0.185574E+08  0.000000E+00  0.000000E+00  0.000000E+00  0.185591E+08
  0.443615E-02  0.183325E+08  0.183300E+08  0.000000E+00  0.000000E+00  0.000000E+00  0.183321E+08
  0.490270E-02  0.180821E+08  0.180791E+08  0.000000E+00  0.000000E+00  0.000000E+00  0.180816E+08
  0.541833E-02  0.178067E+08  0.178031E+08  0.000000E+00  0.000000E+00  0.000000E+00  0.178061E+08
  0.598818E-02  0.175049E+08  0.175005E+08  0.000000E+00  0.000000E+00  0.000000E+00  0.175042E+08
  0.661796E-02  0.171751E+08  0.171699E+08  0.000000E+00  0.000000E+00  0.000000E+00  0.171743E+08
  0.731398E-02  0.168159E+08  0.168096E+08  0.000000E+00  0.000000E+00  0.000000E+00  0.168149E+08
  0.808319E-02  0.164258E+08  0.164182E+08  0.000000E+00  0.000000E+00  0.000000E+00  0.164246E+08
  0.893331E-02  0.160033E+08  0.159942E+08  0.000000E+00  0.000000E+00  0.000000E+00  0.160018E+08
  0.987284E-02  0.155469E+08  0.155361E+08  0.000000E+00  0.000000E+00  0.000000E+00  0.155452E+08
  0.109112E-01  0.150554E+08  0.150425E+08  0.000000E+00  0.000000E+00  0.000000E+00  0.150533E+08
  0.120587E-01  0.145273E+08  0.145120E+08  0.000000E+00  0.000000E+00  0.000000E+00  0.145249E+08
  0.133269E-01  0.139618E+08  0.139438E+08  0.000000E+00  0.000000E+00  0.000000E+00  0.139589E+08
  0.147285E-01  0.133582E+08  0.133370E+08  0.000000E+00  0.000000E+00  0.000000E+00  0.133547E+08
  0.162776E-01  0.127164E+08  0.126918E+08  0.000000E+00  0.000000E+00  0.000000E+00  0.127124E+08
  0.179895E-01  0.120692E+08  0.120409E+08  0.000000E+00  0.000000E+00  0.000000E+00  0.120646E+08
  0.198814E-01  0.113630E+08  0.113308E+08  0.000000E+00  0.000000E+00  0.000000E+00  0.113578E+08
  0.219724E-01  0.106037E+08  0.105673E+08  0.000000E+00  0.000000E+00  0.000000E+00  0.105977E+08
  0.242833E-01  0.984231E+07  0.980212E+07  0.000000E+00  0.000000E+00  0.000000E+00  0.983576E+07
  0.268371E-01  0.907766E+07  0.903410E+07  0.000000E+00  0.000000E+00  0.000000E+00  0.907056E+07
  0.296596E-01  0.830669E+07  0.826063E+07  0.000000E+00  0.000000E+00  0.000000E+00  0.829918E+07
  0.327790E-01  0.755395E+07  0.750675E+07  0.000000E+00  0.000000E+00  0.000000E+00  0.754625E+07
  0.362264E-01  0.688487E+07  0.683832E+07  0.000000E+00  0.000000E+00  0.000000E+00  0.687728E+07
  0.400363E-01  0.623297E+07  0.618922E+07  0.000000E+00  0.000000E+00  0.000000E+00  0.622584E+07
  0.442470E-01  0.563428E+07  0.559555E+07  0.000000E+00  0.000000E+00  0.000000E+00  0.562796E+07
  0.489005E-01  0.514219E+07  0.511024E+07  0.000000E+00  0.000000E+00  0.000000E+00  0.513698E+07
  0.540434E-01  0.473424E+07  0.470981E+07  0.000000E+00  0.000000E+00  0.000000E+00  0.473026E+07
  0.597272E-01  0.436035E+07  0.434263E+07  0.000000E+00  0.000000E+00  0.000000E+00  0.435746E+07
  0.660087E-01  0.398205E+07  0.396860E+07  0.000000E+00  0.000000E+00  0.000000E+00  0.397985E+07
  0.729509E-01  0.359082E+07  0.357826E+07  0.000000E+00  0.000000E+00  0.000000E+00  0.358877E+07
  0.806233E-01  0.316221E+07  0.314783E+07  0.000000E+00  0.000000E+00  0.000000E+00  0.315987E+07
  0.891025E-01  0.273525E+07  0.271874E+07  0.000000E+00  0.000000E+00  0.000000E+00  0.273256E+07
  0.984734E-01  0.238310E+07  0.236705E+07  0.000000E+00  0.000000E+00  0.000000E+00  0.238048E+07
  0.108830E+00  0.213348E+07  0.212124E+07  0.000000E+00  0.000000E+00  0.000000E+00  0.213149E+07
  0.120276E+00  0.194348E+07  0.193555E+07  0.000000E+00  0.000000E+00  0.000000E+00  0.194219E+07
  0.132925E+00  0.172595E+07  0.171918E+07  0.000000E+00  0.000000E+00  0.000000E+00  0.172485E+07
  0.146905E+00  0.147244E+07  0.146432E+07  0.000000E+00  0.000000E+00  0.000000E+00  0.147111E+07
  0.162355E+00  0.126945E+07  0.126178E+07  0.000000E+00  0.000000E+00  0.000000E+00  0.126820E+07
  0.179430E+00  0.113985E+07  0.113469E+07  0.000000E+00  0.000000E+00  0.000000E+00  0.113900E+07
  0.198301E+00  0.996033E+06  0.991458E+06  0.000000E+00  0.000000E+00  0.000000E+00  0.995287E+06
  0.219157E+00  0.846372E+06  0.841578E+06  0.000000E+00  0.000000E+00  0.000000E+00  0.845590E+06
  0.242206E+00  0.747190E+06  0.743673E+06  0.000000E+00  0.000000E+00  0.000000E+00  0.746617E+06
  0.267679E+00  0.643641E+06  0.640377E+06  0.000000E+00  0.000000E+00  0.000000E+00  0.643109E+06
  0.295831E+00  0.555195E+06  0.552385E+06  0.000000E+00  0.000000E+00  0.000000E+00  0.554736E+06
  0.326943E+00  0.480201E+06  0.477808E+06  0.000000E+00  0.000000E+00  0.000000E+00  0.479811E+06
  0.361328E+00  0.412898E+06  0.410833E+06  0.000000E+00  0.000000E+00  0.000000E+00  0.412561E+06
  0.399330E+00  0.354650E+06  0.352857E+06  0.000000E+00  0.000000E+00  0.000000E+00  0.354358E+06
  0.441327E+00  0.304800E+06  0.303285E+06  0.000000E+00  0.000000E+00  0.000000E+00  0.304553E+06
  0.487742E+00  0.260958E+06  0.259652E+06  0.000000E+00  0.000000E+00  0.000000E+00  0.260745E+06
  0.539038E+00  0.223242E+06  0.222123E+06  0.000000E+00  0.000000E+00  0.000000E+00  0.223059E+06
  0.595730E+00  0.190759E+06  0.189803E+06  0.000000E+00  0.000000E+00  0.000000E+00  0.190603E+06
  0.658383E+00  0.162777E+06  0.161963E+06  0.000000E+00  0.000000E+00  0.000000E+00  0.162644E+06
  0.727626E+00  0.138723E+06  0.138029E+06  0.000000E+00  0.000000E+00  0.000000E+00  0.138610E+06
  0.804151E+00  0.118079E+06  0.117489E+06  0.000000E+00  0.000000E+00  0.000000E+00  0.117983E+06
  0.888724E+00  0.100391E+06  0.998892E+05  0.000000E+00  0.000000E+00  0.000000E+00  0.100309E+06
  0.982192E+00  0.852617E+05  0.848354E+05  0.000000E+00  0.000000E+00  0.000000E+00  0.851922E+05
  0.108549E+01  0.723363E+05  0.719747E+05  0.000000E+00  0.000000E+00  0.000000E+00  0.722774E+05
  0.119965E+01  0.613093E+05  0.610029E+05  0.000000E+00  0.000000E+00  0.000000E+00  0.612594E+05
  0.132582E+01  0.519138E+05  0.516543E+05  0.000000E+00  0.000000E+00  0.000000E+00  0.518715E+05
  0.146526E+01  0.439189E+05  0.436994E+05  0.000000E+00  0.000000E+00  0.000000E+00  0.438831E+05
  0.161936E+01  0.371223E+05  0.369367E+05  0.000000E+00  0.000000E+00  0.000000E+00  0.370920E+05
  0.178967E+01  0.313516E+05  0.311949E+05  0.000000E+00  0.000000E+00  0.000000E+00  0.313260E+05
  0.197789E+01  0.264573E+05  0.263251E+05  0.000000E+00  0.000000E+00  0.000000E+00  0.264357E+05
  0.218591E+01  0.223097E+05  0.221982E+05  0.000000E+00  0.000000E+00  0.000000E+00  0.222915E+05
  0.241580E+01  0.187988E+05  0.187049E+05  0.000000E+00  0.000000E+00  0.000000E+00  0.187835E+05
  0.266988E+01  0.158293E+05  0.157502E+05  0.000000E+00  0.000000E+00  0.000000E+00  0.158164E+05
  0.295067E+01  0.133199E+05  0.132534E+05  0.000000E+00  0.000000E+00  0.000000E+00  0.133091E+05
  0.326099E+01  0.112012E+05  0.111452E+05  0.000000E+00  0.000000E+00  0.000000E+00  0.111921E+05
  0.360396E+01  0.941358E+04  0.936650E+04  0.000000E+00  0.000000E+00  0.000000E+00  0.940590E+04
  0.398298E+01  0.790665E+04  0.786709E+04  0.000000E+00  0.000000E+00  0.000000E+00  0.790020E+04
  0.440188E+01  0.663709E+04  0.660388E+04  0.000000E+00  0.000000E+00  0.000000E+00  0.663167E+04
  0.486483E+01  0.556836E+04  0.554048E+04  0.000000E+00  0.000000E+00  0.000000E+00  0.556381E+04
  0.537647E+01  0.466925E+04  0.464586E+04  0.000000E+00  0.000000E+00  0.000000E+00  0.466544E+04
  0.594192E+01  0.391332E+04  0.389370E+04  0.000000E+00  0.000000E+00  0.000000E+00  0.391012E+04
  0.656683E+01  0.327817E+04  0.326172E+04  0.000000E+00  0.000000E+00  0.000000E+00  0.327549E+04
  0.725747E+01  0.274481E+04  0.273102E+04  0.000000E+00  0.000000E+00  0.000000E+00  0.274256E+04
  0.802075E+01  0.229717E+04  0.228562E+04  0.000000E+00  0.000000E+00  0.000000E+00  0.229529E+04
  0.886430E+01  0.192170E+04  0.191202E+04  0.000000E+00  0.000000E+00  0.000000E+00  0.192012E+04
  0.979657E+01  0.160692E+04  0.159881E+04  0.000000E+00  0.000000E+00  0.000000E+00  0.160560E+04
  0.108269E+02  0.134315E+04  0.133635E+04  0.000000E+00  0.000000E+00  0.000000E+00  0.134204E+04
  0.119656E+02  0.112223E+04  0.111653E+04  0.000000E+00  0.000000E+00  0.000000E+00  0.112130E+04
  0.132240E+02  0.937278E+03  0.932502E+03  0.000000E+00  0.000000E+00  0.000000E+00  0.936499E+03
  0.146148E+02  0.782521E+03  0.778516E+03  0.000000E+00  0.000000E+00  0.000000E+00  0.781868E+03
  0.161518E+02  0.653079E+03  0.649719E+03  0.000000E+00  0.000000E+00  0.000000E+00  0.652531E+03
  0.178505E+02  0.544859E+03  0.542037E+03  0.000000E+00  0.000000E+00  0.000000E+00  0.544399E+03
  0.197279E+02  0.454415E+03  0.452042E+03  0.000000E+00  0.000000E+00  0.000000E+00  0.454029E+03
  0.218027E+02  0.378858E+03  0.376860E+03  0.000000E+00  0.000000E+00  0.000000E+00  0.378532E+03
  0.240957E+02  0.315762E+03  0.314077E+03  0.000000E+00  0.000000E+00  0.000000E+00  0.315487E+03
  0.266298E+02  0.263088E+03  0.261664E+03  0.000000E+00  0.000000E+00  0.000000E+00  0.262856E+03
  0.294305E+02  0.219134E+03  0.217927E+03  0.000000E+00  0.000000E+00  0.000000E+00  0.218937E+03
  0.325257E+02  0.182466E+03  0.181440E+03  0.000000E+00  0.000000E+00  0.000000E+00  0.182298E+03
  0.359465E+02  0.151887E+03  0.151012E+03  0.000000E+00  0.000000E+00  0.000000E+00  0.151744E+03
  0.397270E+02  0.126394E+03  0.125645E+03  0.000000E+00  0.000000E+00  0.000000E+00  0.126272E+03
  0.439052E+02  0.105148E+03  0.104502E+03  0.000000E+00  0.000000E+00  0.000000E+00  0.105043E+03
  0.485227E+02  0.874459E+02  0.868870E+02  0.000000E+00  0.000000E+00  0.000000E+00  0.873548E+02
  0.536259E+02  0.727009E+02  0.722139E+02  0.000000E+00  0.000000E+00  0.000000E+00  0.726215E+02
  0.592658E+02  0.604230E+02  0.599954E+02  0.000000E+00  0.000000E+00  0.000000E+00  0.603532E+02
  0.654988E+02  0.502018E+02  0.498235E+02  0.000000E+00  0.000000E+00  0.000000E+00  0.501401E+02
  0.723874E+02  0.416950E+02  0.413575E+02  0.000000E+00  0.000000E+00  0.000000E+00  0.416399E+02
  0.800004E+02  0.346169E+02  0.343131E+02  0.000000E+00  0.000000E+00  0.000000E+00  0.345673E+02
  0.884141E+02  0.287288E+02  0.284529E+02  0.000000E+00  0.000000E+00  0.000000E+00  0.286838E+02
  0.977128E+02  0.238319E+02  0.235790E+02  0.000000E+00  0.000000E+00  0.000000E+00  0.237907E+02
  0.107989E+03  0.197604E+02  0.195265E+02  0.000000E+00  0.000000E+00  0.000000E+00  0.197222E+02
  0.119346E+03  0.163759E+02  0.161578E+02  0.000000E+00  0.000000E+00  0.000000E+00  0.163404E+02
  0.131898E+03  0.135632E+02  0.133581E+02  0.000000E+00  0.000000E+00  0.000000E+00  0.135297E+02
  0.145770E+03  0.112261E+02  0.110320E+02  0.000000E+00  0.000000E+00  0.000000E+00  0.111945E+02
  0.161101E+03  0.928481E+01  0.909997E+01  0.000000E+00  0.000000E+00  0.000000E+00  0.925467E+01
  0.178044E+03  0.767272E+01  0.749580E+01  0.000000E+00  0.000000E+00  0.000000E+00  0.764388E+01
  0.196769E+03  0.633444E+01  0.616447E+01  0.000000E+00  0.000000E+00  0.000000E+00  0.630673E+01
  0.217464E+03  0.522388E+01  0.506016E+01  0.000000E+00  0.000000E+00  0.000000E+00  0.519719E+01
  0.240335E+03  0.430271E+01  0.414484E+01  0.000000E+00  0.000000E+00  0.000000E+00  0.427697E+01
  0.265611E+03  0.353910E+01  0.338689E+01  0.000000E+00  0.000000E+00  0.000000E+00  0.351428E+01
  0.293545E+03  0.290658E+01  0.276007E+01  0.000000E+00  0.000000E+00  0.000000E+00  0.288269E+01
  0.324417E+03  0.238318E+01  0.224256E+01  0.000000E+00  0.000000E+00  0.000000E+00  0.236026E+01
  0.358537E+03  0.195062E+01  0.181623E+01  0.000000E+00  0.000000E+00  0.000000E+00  0.192871E+01
  0.396245E+03  0.159373E+01  0.146599E+01  0.000000E+00  0.000000E+00  0.000000E+00  0.157290E+01
  0.437918E+03  0.129988E+01  0.117928E+01  0.000000E+00  0.000000E+00  0.000000E+00  0.128022E+01
  0.483975E+03  0.105855E+01  0.945515E+00  0.000000E+00  0.000000E+00  0.000000E+00  0.104012E+01
  0.534874E+03  0.860925E+00  0.755788E+00  0.000000E+00  0.000000E+00  0.000000E+00  0.843783E+00
  0.591127E+03  0.699581E+00  0.602507E+00  0.000000E+00  0.000000E+00  0.000000E+00  0.683754E+00
  0.653297E+03  0.568253E+00  0.479190E+00  0.000000E+00  0.000000E+00  0.000000E+00  0.553732E+00
  0.722005E+03  0.461619E+00  0.380296E+00  0.000000E+00  0.000000E+00  0.000000E+00  0.448360E+00
  0.797939E+03  0.375160E+00  0.301139E+00  0.000000E+00  0.000000E+00  0.000000E+00  0.363091E+00
  0.881858E+03  0.305080E+00  0.237847E+00  0.000000E+00  0.000000E+00  0.000000E+00  0.294118E+00
  0.974604E+03  0.248236E+00  0.187303E+00  0.000000E+00  0.000000E+00  0.000000E+00  0.238301E+00
  0.107710E+04  0.202088E+00  0.147047E+00  0.000000E+00  0.000000E+00  0.000000E+00  0.193114E+00
  0.119039E+04  0.164613E+00  0.115105E+00  0.000000E+00  0.000000E+00  0.000000E+00  0.156541E+00
  0.131558E+04  0.134187E+00  0.898335E-01  0.000000E+00  0.000000E+00  0.000000E+00  0.126955E+00
  0.145394E+04  0.109478E+00  0.698671E-01  0.000000E+00  0.000000E+00  0.000000E+00  0.103020E+00
  0.160685E+04  0.893906E-01  0.541257E-01  0.000000E+00  0.000000E+00  0.000000E+00  0.836409E-01
  0.177585E+04  0.730445E-01  0.417739E-01  0.000000E+00  0.000000E+00  0.000000E+00  0.679461E-01
  0.196261E+04  0.597367E-01  0.321141E-01  0.000000E+00  0.000000E+00  0.000000E+00  0.552330E-01
  0.216902E+04  0.488934E-01  0.245758E-01  0.000000E+00  0.000000E+00  0.000000E+00  0.449286E-01
  0.239714E+04  0.400488E-01  0.187252E-01  0.000000E+00  0.000000E+00  0.000000E+00  0.365721E-01
  0.264925E+04  0.328291E-01  0.141999E-01  0.000000E+00  0.000000E+00  0.000000E+00  0.297918E-01
  0.292787E+04  0.269301E-01  0.107159E-01  0.000000E+00  0.000000E+00  0.000000E+00  0.242865E-01
  0.323580E+04  0.221060E-01  0.804629E-02  0.000000E+00  0.000000E+00  0.000000E+00  0.198137E-01
  0.357612E+04  0.181575E-01  0.601123E-02  0.000000E+00  0.000000E+00  0.000000E+00  0.161772E-01
  0.395221E+04  0.149232E-01  0.446735E-02  0.000000E+00  0.000000E+00  0.000000E+00  0.132185E-01
  0.436787E+04  0.122717E-01  0.330281E-02  0.000000E+00  0.000000E+00  0.000000E+00  0.108094E-01
  0.482725E+04  0.100964E-01  0.242913E-02  0.000000E+00  0.000000E+00  0.000000E+00  0.884632E-02
  0.533494E+04  0.831049E-02  0.177730E-02  0.000000E+00  0.000000E+00  0.000000E+00  0.724530E-02
  0.589602E+04  0.684324E-02  0.129372E-02  0.000000E+00  0.000000E+00  0.000000E+00  0.593843E-02
  0.651610E+04  0.563709E-02  0.937002E-03  0.000000E+00  0.000000E+00  0.000000E+00  0.487077E-02
  0.720140E+04  0.464499E-02  0.675330E-03  0.000000E+00  0.000000E+00  0.000000E+00  0.399776E-02
  0.795879E+04  0.382853E-02  0.484437E-03  0.000000E+00  0.000000E+00  0.000000E+00  0.328330E-02
  0.879582E+04  0.315633E-02  0.345924E-03  0.000000E+00  0.000000E+00  0.000000E+00  0.269811E-02
  0.972089E+04  0.260267E-02  0.245944E-03  0.000000E+00  0.000000E+00  0.000000E+00  0.221842E-02
  0.107432E+05  0.214648E-02  0.174139E-03  0.000000E+00  0.000000E+00  0.000000E+00  0.182490E-02
