# This file stores the linear and non-linear power spectrum computed by CAMB using following cosmology. 
# omega_m = 0.276, omega_b = 0.045, h= 0.7, sigma_8 = 0.811, ns = 0.961 
#  The 1st column stores the wave vector tab and the 2nd one dimensionless linear power spectra. 
#  The 3rd one stores nonlinear power spectra. 
# kmin = 1e-5, kmax = 1e2.5 and bin_k_grid = 250
1.000000000000000082e-05 3.084610993323828805e-15 3.084610993323828805e-15
1.071816607243010458e-05 4.059827212333901049e-15 4.059827212333901049e-15
1.148790839561917665e-05 5.343361738221119249e-15 5.343361738221119249e-15
1.231293100091103994e-05 7.032691197670608997e-15 7.032691197670608997e-15
1.319720393061375171e-05 9.256110707262734221e-15 9.256110707262734221e-15
1.414498234200455174e-05 1.218247082820001030e-14 1.218247082820001030e-14
1.516082698331961000e-05 1.603401152076122486e-14 1.603401152076122486e-14
1.624962614025990675e-05 2.110323725980430632e-14 2.110323725980430632e-14
1.741661915862070285e-05 2.777511648862717675e-14 2.777511648862717675e-14
1.866742165623645601e-05 3.655632415546448210e-14 3.655632415546448210e-14
2.000805254556205383e-05 4.811373425418453257e-14 4.811373425418453257e-14
2.144496299692420072e-05 6.332506860904864281e-14 6.332506860904864281e-14
2.298506748181519430e-05 8.334548973587077445e-14 8.334548973587077445e-14
2.463577704561080239e-05 1.096953822009275052e-13 1.096953822009275052e-13
2.640503496982180294e-05 1.443758352648375045e-13 1.443758352648375045e-13
2.830135499548744554e-05 1.900205277012266572e-13 1.900205277012266572e-13
3.033386229164337819e-05 2.500957391569332678e-13 2.500957391569332678e-13
3.251233736600589599e-05 3.291636148102046804e-13 3.291636148102046804e-13
3.484726312917258513e-05 4.332286608305611546e-13 4.332286608305611546e-13
3.734987533881420677e-05 5.701935191581492395e-13 5.701935191581492395e-13
4.003221666659722628e-05 7.504590832349391201e-13 7.504590832349391201e-13
4.290719464800932736e-05 9.877143713129675671e-13 9.877143713129675671e-13
4.598864379394480465e-05 1.299975990972649197e-12 1.299975990972649197e-12
4.929139216293325045e-05 1.710955943930105546e-12 1.710955943930105546e-12
5.283133271435982981e-05 2.251861845093464214e-12 2.251861845093464214e-12
5.662549978603179514e-05 2.963766385654492135e-12 2.963766385654492135e-12
6.069215106410440962e-05 3.900726230790455656e-12 3.900726230790455656e-12
6.505085543980865205e-05 5.133885502931023902e-12 5.133885502931023902e-12
6.972258717575122535e-05 6.756875170230992187e-12 6.756875170230992187e-12
7.472982683491871095e-05 8.892920733223525567e-12 8.892920733223525567e-12
8.009666945806022235e-05 1.170419759389038783e-11 1.170419759389038783e-11
8.584894051000297604e-05 1.540414117592044210e-11 1.540414117592044210e-11
9.201432015283839356e-05 2.027363675849511478e-11 2.027363675849511478e-11
9.862247644398737696e-05 2.668233592978540347e-11 2.668233592978540347e-11
1.057052081000982888e-04 3.511670723402630362e-11 3.511670723402630362e-11
1.132965975137636944e-04 4.621694529543617374e-11 4.621694529543617374e-11
1.214331747593791152e-04 6.082550851230304512e-11 6.082550851230304512e-11
1.301540933773452451e-04 8.005101575170770538e-11 8.005101575170770538e-11
1.395013187824961328e-04 1.053523343493985252e-10 1.053523343493985252e-10
1.495198302033806811e-04 1.386491172972667481e-10 1.386491172972667481e-10
1.602578371241384215e-04 1.824672844408785038e-10 1.824672844408785038e-10
1.717670112704970382e-04 2.401303939470187038e-10 2.401303939470187038e-10
1.841027352562160256e-04 3.160112934863959709e-10 3.160112934863959709e-10
1.973243690864755445e-04 4.158632385979428804e-10 4.158632385979428804e-10
2.114955358006338076e-04 5.472552533323141230e-10 5.472552533323141230e-10
2.266844276288779462e-04 7.201443615661898113e-10 7.201443615661898113e-10
2.429641341360077211e-04 9.476280683144007634e-10 9.476280683144007634e-10
2.604129939313914142e-04 1.246933925506463834e-09 1.246933925506463834e-09
2.791149716375386134e-04 1.640720358695771969e-09 1.640720358695771969e-09
2.991600619312756752e-04 2.158784237022234717e-09 2.158784237022234717e-09
3.206447226017887096e-04 2.840306097126212099e-09 2.840306097126212099e-09
3.436723387094254688e-04 3.736799785794355536e-09 3.736799785794355536e-09
3.683537200788069405e-04 4.915985366842728479e-09 4.915985366842728479e-09
3.948076345202084598e-04 6.466872694125949818e-09 6.466872694125949818e-09
4.231613793450881883e-04 8.506434757986163107e-09 8.506434757986163107e-09
4.535513939259248201e-04 1.118836555174804660e-08 1.118836555174804660e-08
4.861239162480229629e-04 1.471456366136060651e-08 1.471456366136060651e-08
5.210356866126411883e-04 1.935019116483314348e-08 1.935019116483314348e-08
5.584547018776935554e-04 2.544341097787920212e-08 2.544341097787920212e-08
5.985610238654558938e-04 3.345124536333101896e-08 3.345124536333101896e-08
6.415476458273756434e-04 4.397342917771232373e-08 4.397342917771232373e-08
6.876214211354383932e-04 5.779671461941748553e-08 5.779671461941708186e-08
7.370040586690029035e-04 7.595283439060937459e-08 7.595283439061018192e-08
7.899331896869387238e-04 9.979424216282665669e-08 9.979424216282524056e-08
8.466635113189042040e-04 1.310930625700211265e-07 1.310930625700150913e-07
9.074680121782821790e-04 1.721702560649740062e-07 1.721702560650113285e-07
9.726392859944845738e-04 2.260639332044927327e-07 2.260639332044115763e-07
1.042490939585872731e-03 2.967487359188460656e-07 2.967487359187364277e-07
1.117359101948508507e-03 3.894213850660867253e-07 3.894213850673263051e-07
1.197604041722547408e-03 5.108717003366978139e-07 5.108717003328772718e-07
1.283611900819576742e-03 6.699646695283603006e-07 6.699646695289817051e-07
1.375796552553190579e-03 8.782655758652708152e-07 8.782655759023267067e-07
1.474601593214190740e-03 1.150848965527269238e-06 1.150848965372534741e-06
1.580502476673970817e-03 1.507346056508020234e-06 1.507346056698733937e-06
1.694008802287870789e-03 1.973296703077839601e-06 1.973296704022778969e-06
1.815666767107981588e-03 2.581890461364120642e-06 2.581890455743896101e-06
1.946061794205560490e-03 3.376208661282493894e-06 3.376208673305587444e-06
2.085821349750649738e-03 4.412104746023001742e-06 4.412104762986882095e-06
2.235617962404778340e-03 5.761896105582610865e-06 5.761895920559071678e-06
2.396172459556222302e-03 7.519083775352278299e-06 7.519084336747213152e-06
2.568257435970687941e-03 9.804380004902432698e-06 9.804379935863326737e-06
2.752700971548735845e-03 1.277338361936593808e-05 1.277337816551866777e-05
2.950390616079905191e-03 1.662632679120179188e-05 1.662634918991444743e-05
3.162277660168377226e-03 2.162041221839193801e-05 2.162038549346596841e-05
3.389381712882036293e-03 2.808538940730536117e-05 2.808525241874832760e-05
3.632795608152727691e-03 3.644314701079232326e-05 3.644394429430847427e-05
3.893690663537562567e-03 4.723223894012429624e-05 4.723057069080721979e-05
4.173322316646617056e-03 6.113858739510958610e-05 6.113614771909783722e-05
4.473036166359718215e-03 7.903360555548088172e-05 7.905919278681474078e-05
4.794274447902955455e-03 1.020205772122360997e-04 1.019355304813568321e-04
5.138582972943199143e-03 1.314952445705958994e-04 1.310903444354213671e-04
5.507618568096682259e-03 1.692177673783493846e-04 1.686315485358784276e-04
5.903157047645994811e-03 2.173842383972905061e-04 2.166374145897220294e-04
6.327101758830591151e-03 2.787440203950264199e-04 2.776912603346533520e-04
6.781492740831090126e-03 3.567278781069611014e-04 3.552867872683990310e-04
7.268516541520683369e-03 4.555689459637323130e-04 4.536052667680079030e-04
7.790516739222400240e-03 5.804998217647234886e-04 5.778172584760897078e-04
8.350005220103226197e-03 7.379465791320852361e-04 7.342973565642599634e-04
8.949674265472468138e-03 9.357191477099450821e-04 9.307675236878146718e-04
9.592409507148784431e-03 1.183257741230374664e-03 1.176556741440256890e-03
1.028130381323780207e-02 1.491885206539743294e-03 1.482845710703870100e-03
1.101967217113916653e-02 1.875061392816296333e-03 1.862907923442145902e-03
1.181106763940060166e-02 2.348624013178921173e-03 2.332343093870797163e-03
1.265929844518005540e-02 2.930960384990977715e-03 2.909236841441135892e-03
1.356844630958960705e-02 3.643109935673466936e-03 3.614250131763710461e-03
1.454288608910327997e-02 4.508762575667006611e-03 4.470604981896816009e-03
1.558730682754425230e-02 5.554052880150190004e-03 5.503866959384141194e-03
1.670673431995428268e-02 6.807142454397722107e-03 6.741519006309347646e-03
1.790655529692376444e-02 8.297526678813867476e-03 8.212266226415297285e-03
1.919254334575818885e-02 1.005507441469605072e-02 9.945084611733974109e-03
2.057088669321494034e-02 1.210886150190135235e-02 1.196807755856197676e-02
2.204821798350203171e-02 1.448589792977406782e-02 1.430724516407835822e-02
2.363164619483148002e-02 1.721023324387589010e-02 1.698565482182135336e-02
2.532879084811145640e-02 2.030288229591585558e-02 2.002344656252073515e-02
2.714781867239063687e-02 2.378300591043386314e-02 2.343910182412381124e-02
2.909748290349018982e-02 2.767193799579666103e-02 2.725354676890745162e-02
3.118716540493035941e-02 3.200130893253320952e-02 3.149827219088358055e-02
3.342692181383902228e-02 3.682320113001673334e-02 3.622542507983690652e-02
3.582752992908628392e-02 4.222657333167136040e-02 4.152399670687464267e-02
3.840054157449071526e-02 4.836700123196906870e-02 4.754877292751292367e-02
4.115833818666478350e-02 5.545866229556304511e-02 5.451252200595900488e-02
4.411419039499153011e-02 6.379665870525969007e-02 6.270748231375333770e-02
4.728232188043198642e-02 7.388197291808784595e-02 7.262579790988922535e-02
5.067797782045652816e-02 8.616772765549407520e-02 8.471379256934409574e-02
5.431749824945830696e-02 1.009809674365385324e-01 9.929752241850692274e-02
5.821839668766252279e-02 1.185946179464593964e-01 1.166555003304328569e-01
6.239944441689811161e-02 1.389498831381354160e-01 1.367557000999351235e-01
6.688076080876861895e-02 1.611239942654015822e-01 1.587541942836649400e-01
7.168391013988562044e-02 1.834251324037673714e-01 1.810993322270059991e-01
7.683200536004498871e-02 2.040501631720285647e-01 2.021698521294270912e-01
8.234981931268028910e-02 2.222382344684864786e-01 2.213751655228043125e-01
8.826390394279186313e-02 2.389864038996132034e-01 2.398243697833949972e-01
9.460271806598606614e-02 2.576291002968338351e-01 2.608476661778634798e-01
1.013967643134523339e-01 2.840502861598198647e-01 2.901597684334544791e-01
1.086787359118635832e-01 3.235899576090832119e-01 3.329432933662213046e-01
1.164836740045126356e-01 3.752281931444211294e-01 3.884717287250175621e-01
1.248491362707177255e-01 4.293969666243082073e-01 4.481614264812796011e-01
1.338153776549008411e-01 4.725011220293693914e-01 4.998503736914721718e-01
1.434255440750181188e-01 4.988870828694039750e-01 5.390025720940130327e-01
1.537258800424686767e-01 5.231152839002746191e-01 5.799413270567094214e-01
1.647659511925646525e-01 5.724126962931767038e-01 6.484117659531279942e-01
1.765988827963822783e-01 6.514044187009246922e-01 7.493459201471399656e-01
1.892816154017243624e-01 7.287845317892640562e-01 8.552838376892432093e-01
2.028751788333524320e-01 7.716176515061170527e-01 9.379531465045172212e-01
2.174449858709830152e-01 8.088817371990237870e-01 1.025724496478320757e+00
2.330611470182411549e-01 8.890580907841444391e-01 1.163798856970404305e+00
2.497988078772555021e-01 9.847236393773735053e-01 1.329722396886464653e+00
2.677385107523488905e-01 1.041699072267720627e+00 1.478858101918828494e+00
2.869665822228786300e-01 1.106978698621146728e+00 1.656308089847635889e+00
3.075755485502479347e-01 1.210203155335739744e+00 1.891149150045814631e+00
3.296645809180349662e-01 1.287771803502081758e+00 2.133801288362279447e+00
3.533399726477568503e-01 1.370770111116954348e+00 2.416572581627999483e+00
3.787156506866565242e-01 1.474939006806130770e+00 2.758606871360225643e+00
4.059137238288016980e-01 1.562417652280013725e+00 3.136916052671678390e+00
4.350650703075622516e-01 1.669129480442228974e+00 3.588946759151216082e+00
4.663099675869928351e-01 1.769935384527328015e+00 4.105287627725790145e+00
4.997987673826893018e-01 1.880867346601160950e+00 4.709757775470169605e+00
5.356926191603522680e-01 1.991326386441451657e+00 5.407930349886812316e+00
5.741642455935714873e-01 2.108608705531201277e+00 6.220087210894416963e+00
6.153987737123438606e-01 2.228095232474221365e+00 7.160168317611169009e+00
6.595946257418731085e-01 2.352680103215928131e+00 8.249298506635199146e+00
7.069644739183783555e-01 2.480403766975222801e+00 9.507566035395363713e+00
7.577362638765354763e-01 2.611650457208535059e+00 1.095884231029893030e+01
8.121543115331421037e-01 2.746882054221721603e+00 1.262952839739423538e+01
8.704804787452362635e-01 2.886227238699139441e+00 1.454830421503415927e+01
9.329954333999899152e-01 3.029554142866892619e+00 1.674598750107613654e+01
9.999999999999984457e-01 3.176703069079229724e+00 1.925541994273273971e+01
1.071816607243009978e+00 3.327586128800330556e+00 2.211161233344052235e+01
1.148790839561916410e+00 3.482216540210957501e+00 2.535162039993824479e+01
1.231293100091101822e+00 3.640622811276670756e+00 2.901364227320445011e+01
1.319720393061374564e+00 3.802819153160310162e+00 3.313668655244799055e+01
1.414498234200453508e+00 3.968778076038066427e+00 3.776033652824656883e+01
1.516082698331958190e+00 4.138467979727855628e+00 4.292332580964002631e+01
1.624962614025989849e+00 4.311858364648574415e+00 4.866292243091493219e+01
1.741661915862068311e+00 4.488919896173470647e+00 5.501560669500593548e+01
1.866742165623645588e+00 4.669625663114461922e+00 6.201489273241413258e+01
2.000805254556204282e+00 4.853951103976446468e+00 6.969036131912469045e+01
2.144496299692416841e+00 5.041869530725950455e+00 7.807093314137873108e+01
2.298506748181518677e+00 5.233355628067459797e+00 8.718266972427073824e+01
2.463577704561078274e+00 5.428387165113242929e+00 9.704685038263575336e+01
2.640503496982176568e+00 5.626934331870987904e+00 1.076849488620159718e+02
2.830135499548743994e+00 5.828962544169223214e+00 1.191185561969628139e+02
3.033386229164335202e+00 6.034439949572481865e+00 1.313662785018682371e+02
3.251233736600584123e+00 6.243334595472357584e+00 1.444466134302308546e+02
3.484726312917257207e+00 6.455613909760691271e+00 1.583797696426460391e+02
3.734987533881417132e+00 6.671248665533381583e+00 1.731854518540525589e+02
4.003221666659715794e+00 6.890208690044055118e+00 1.888836990223305747e+02
4.290719464800931249e+00 7.112457660473130439e+00 2.054962560628632673e+02
4.598864379394475677e+00 7.337961289787893193e+00 2.230463102006569045e+02
4.929139216293315862e+00 7.566686813194237082e+00 2.415588470318338352e+02
5.283133271435978884e+00 7.798597920032943165e+00 2.610609013862154484e+02
5.662549978603172995e+00 8.033660009299444127e+00 2.815825339642026961e+02
6.069215106410440264e+00 8.271840736914262138e+00 3.031573526641461740e+02
6.505085543980860585e+00 8.513102763791232874e+00 3.258211910408158474e+02
6.972258717575113174e+00 8.757408378212090838e+00 3.496136774250789472e+02
7.472982683491869338e+00 9.004722430392885002e+00 3.745795894327918063e+02
8.009666945806017679e+00 9.255004632263757358e+00 4.007664296820191225e+02
8.584894051000285131e+00 9.508211434889570768e+00 4.282253363878461414e+02
9.201432015283836918e+00 9.764301631922819524e+00 4.570137776933506188e+02
9.862247644398731694e+00 1.002323258501684222e+01 4.871930382530240422e+02
1.057052081000981225e+01 1.028495913318419142e+01 5.188273489035634611e+02
1.132965975137636860e+01 1.054943827011589619e+01 5.519879280834262545e+02
1.214331747593789856e+01 1.081662370345030943e+01 5.867513429347261535e+02
1.301540933773450703e+01 1.108645884703054207e+01 6.231965190566368165e+02
1.395013187824960887e+01 1.135888695896804990e+01 6.614095462649703450e+02
1.495198302033804971e+01 1.163385012745177960e+01 7.014834657340974218e+02
1.602578371241381916e+01 1.191128170801981234e+01 7.435137590410507755e+02
1.717670112704969299e+01 1.219111338634519548e+01 7.876028893171793470e+02
1.841027352562158015e+01 1.247327517500455585e+01 8.338616161195301402e+02
1.973243690864752509e+01 1.275768081741388116e+01 8.824041941032538716e+02
2.114955358006336894e+01 1.304423609794131700e+01 9.333514642735686948e+02
2.266844276288776783e+01 1.333284433699235372e+01 9.868336296915397270e+02
2.429641341360076368e+01 1.362338895229219915e+01 1.042986213486397901e+03
2.604129939313912345e+01 1.391573666510644713e+01 1.101951048706243682e+03
2.791149716375381828e+01 1.420974969347194516e+01 1.163880200827059298e+03
2.991600619312756137e+01 1.450526669566797366e+01 1.228933282432066790e+03
3.206447226017884589e+01 1.480209563992950450e+01 1.297276393055574545e+03
3.436723387094248494e+01 1.510003567151955828e+01 1.369086641887938185e+03
3.683537200788068589e+01 1.539885633527718234e+01 1.444551014039187294e+03
3.948076345202080972e+01 1.569826850641470628e+01 1.523863834187042357e+03
4.231613793450875249e+01 1.599796396778693719e+01 1.607231234355675042e+03
4.535513939259246996e+01 1.629760228093278585e+01 1.694871465077352468e+03
4.861239162480224252e+01 1.659675081349192283e+01 1.787011760081765487e+03
5.210356866126403474e+01 1.689493797770989048e+01 1.883892082347097130e+03
5.584547018776931537e+01 1.719165624152174487e+01 1.985766623624313070e+03
5.985610238654555104e+01 1.748625999374227646e+01 2.092900980772305957e+03
6.415476458273747085e+01 1.777802225533776692e+01 2.205574627764032357e+03
6.876214211354378847e+01 1.806617540848899139e+01 2.324083387435240184e+03
7.370040586690016937e+01 1.834976974704030184e+01 2.448737463887562626e+03
7.899331896869388459e+01 1.862769810271026572e+01 2.579862525109544549e+03
8.466635113189036588e+01 1.889880406050420447e+01 2.717802854773894978e+03
9.074680121782823505e+01 1.916171778322199160e+01 2.862920462106829746e+03
9.726392859944847658e+01 1.941479102023284398e+01 3.015595027354275317e+03
1.042490939585872098e+02 1.965630879933729247e+01 3.176227382181668418e+03
1.117359101948506606e+02 1.988434843339003777e+01 3.345239710028353784e+03
1.197604041722544537e+02 2.009656192234615091e+01 3.523074822815293828e+03
1.283611900819573464e+02 2.029050461602612998e+01 3.710199610371317249e+03
1.375796552553190679e+02 2.046357971121274133e+01 3.907106206040020425e+03
1.474601593214189847e+02 2.061264788304350404e+01 4.114311143088598328e+03
1.580502476673969454e+02 2.073443316788747026e+01 4.332358453599148561e+03
1.694008802287868036e+02 2.082563899209718628e+01 4.561821658960575405e+03
1.815666767107977080e+02 2.088258891671602768e+01 4.803303398256575747e+03
1.946061794205562592e+02 2.090151230623673939e+01 5.057437909675057199e+03
2.085821349750650029e+02 2.087880000768863908e+01 5.324893680280473745e+03
2.235617962404776904e+02 2.081076211237272844e+01 5.606373541692137223e+03
2.396172459556218541e+02 2.069376746659122546e+01 5.902616576702337625e+03
2.568257435970683673e+02 2.052461365189147457e+01 6.214401497132127588e+03
2.752700971548729285e+02 2.030142993033739529e+01 6.542548399910818262e+03
2.950390616079905612e+02 2.002403261709737592e+01 6.887920753207706184e+03
3.162277660168377338e+02 1.969285361114027211e+01 7.251428343792177657e+03
