# This file stores the transfer function computed by CAMB using following cosmology. 
#  omega_m = 0.276, omega_b = 0.045, h= 0.7, sigma_8 = 0.811, ns = 0.961 
#  The 1st column stores the wave vector tab in [h Mpc^{-1}] and the 2nd one Transfer function. 
#  kmax = 1e2.5 and Camb's optimal binning used 
6.975659289309987798e-06 2.022175200000000000e+07
7.702514267293736339e-06 2.022174600000000000e+07
8.505106961820274591e-06 2.022173800000000000e+07
9.391329513164237142e-06 2.022172800000000000e+07
1.036989397107390687e-05 2.022171800000000000e+07
1.145042460848344490e-05 2.022170400000000000e+07
1.264354432350955904e-05 2.022168800000000000e+07
1.396098559780512005e-05 2.022166800000000000e+07
1.541570418339688331e-05 2.022164400000000000e+07
1.702200097497552633e-05 2.022161400000000000e+07
1.879567207652144134e-05 2.022157800000000000e+07
2.075415977742522955e-05 2.022153600000000000e+07
2.291671626153402030e-05 2.022148200000000000e+07
2.530461097194347531e-05 2.022141800000000000e+07
2.794131978589575738e-05 2.022133800000000000e+07
3.085277421632781625e-05 2.022124200000000000e+07
3.406759060453623533e-05 2.022112400000000000e+07
3.761739571928046644e-05 2.022098000000000000e+07
4.153708141529932618e-05 2.022080600000000000e+07
4.586519571603275836e-05 2.022059400000000000e+07
5.064428842160850763e-05 2.022033400000000000e+07
5.592136585619300604e-05 2.022001800000000000e+07
6.174830195959657431e-05 2.021963200000000000e+07
6.818239489803090692e-05 2.021916400000000000e+07
7.528692367486655712e-05 2.021859200000000000e+07
8.313172293128445745e-05 2.021789800000000000e+07
9.179395419778302312e-05 2.021705000000000000e+07
1.013587607303634286e-04 2.021602000000000000e+07
1.119202279369346797e-04 2.021476600000000000e+07
1.235821691807359457e-04 2.021324400000000000e+07
1.364592899335548282e-04 2.021139400000000000e+07
1.506781700300052762e-04 2.020914800000000000e+07
1.663786533754318953e-04 2.020642400000000000e+07
1.837151066865772009e-04 2.020312600000000000e+07
2.028579910984262824e-04 2.019913400000000000e+07
2.239955501863732934e-04 2.019431200000000000e+07
2.473356144037097692e-04 2.018849800000000000e+07
2.731076965574175119e-04 2.018150400000000000e+07
3.015651600435376167e-04 2.017311200000000000e+07
3.329878963995724916e-04 2.016306600000000000e+07
3.676848136819899082e-04 2.015108200000000000e+07
4.059971251990646124e-04 2.013683600000000000e+07
4.483015509322285652e-04 2.011996200000000000e+07
4.950140137225389481e-04 2.010006000000000000e+07
5.465938593260943890e-04 2.007667200000000000e+07
6.035482510924339294e-04 2.004930000000000000e+07
6.664372631348669529e-04 2.001738200000000000e+07
7.358791772276163101e-04 1.998028400000000000e+07
8.125568856485188007e-04 1.993730000000000000e+07
8.972243522293865681e-04 1.988763800000000000e+07
9.907140629366040230e-04 1.983042800000000000e+07
1.093945233151316643e-03 1.976471000000000000e+07
1.207932946272194386e-03 1.968945200000000000e+07
1.333798165433108807e-03 1.960353400000000000e+07
1.472778269089758396e-03 1.950576200000000000e+07
1.626239973120391369e-03 1.939489400000000000e+07
1.795692136511206627e-03 1.926963800000000000e+07
1.982800895348191261e-03 1.912867800000000000e+07
2.189406426623463631e-03 1.897069000000000000e+07
2.417539944872260094e-03 1.879434600000000000e+07
2.669444540515542030e-03 1.859830800000000000e+07
2.947597298771142960e-03 1.838124600000000000e+07
3.254733746871352196e-03 1.814182400000000000e+07
3.593872999772429466e-03 1.787872800000000000e+07
3.968349657952785492e-03 1.759112400000000000e+07
4.381847102195024490e-03 1.727665800000000000e+07
4.838430322706699371e-03 1.693447000000000000e+07
5.342588759958744049e-03 1.656294300000000000e+07
5.899279844015836716e-03 1.616131800000000000e+07
6.513977888971567154e-03 1.572831600000000000e+07
7.192725781351327896e-03 1.526258100000000000e+07
7.942199707031250000e-03 1.476294500000000000e+07
8.769767358899116516e-03 1.422846000000000000e+07
9.683565236628055573e-03 1.365828400000000000e+07
1.069258153438568115e-02 1.305203200000000000e+07
1.180673576891422272e-02 1.240994700000000000e+07
1.303698215633630753e-02 1.173331500000000000e+07
1.439541950821876526e-02 1.102492800000000000e+07
1.589540578424930573e-02 1.028969800000000000e+07
1.755168661475181580e-02 9.535335000000000000e+06
1.938055083155632019e-02 8.772977000000000000e+06
2.139998227357864380e-02 8.017511000000000000e+06
2.362983301281929016e-02 7.287236000000000000e+06
2.609203383326530457e-02 6.602444000000000000e+06
2.881079167127609253e-02 5.982415500000000000e+06
3.169187158346176147e-02 5.458547500000000000e+06
3.457294777035713196e-02 5.049243000000000000e+06
3.745402768254280090e-02 4.718365000000000000e+06
4.033510759472846985e-02 4.438986500000000000e+06
4.321618750691413879e-02 4.191094750000000000e+06
4.609726741909980774e-02 3.956145750000000000e+06
4.897834360599517822e-02 3.722941500000000000e+06
5.185942351818084717e-02 3.488698750000000000e+06
5.474050343036651611e-02 3.257128750000000000e+06
5.762158334255218506e-02 3.034790000000000000e+06
6.050266325473785400e-02 2.827886750000000000e+06
6.408303231000900269e-02 2.599915750000000000e+06
6.766340136528015137e-02 2.410809500000000000e+06
7.124377042055130005e-02 2.262120250000000000e+06
7.482413947582244873e-02 2.147534750000000000e+06
7.840450853109359741e-02 2.055320000000000000e+06
8.198487758636474609e-02 1.973286250000000000e+06
8.556524664163589478e-02 1.892140750000000000e+06
8.914561569690704346e-02 1.806662750000000000e+06
9.272598475217819214e-02 1.715714000000000000e+06
9.630634635686874390e-02 1.621383500000000000e+06
9.988672286272048950e-02 1.527823875000000000e+06
1.034670919179916382e-01 1.440212000000000000e+06
1.070474535226821899e-01 1.363248375000000000e+06
1.106278300285339355e-01 1.299241250000000000e+06
1.142081990838050842e-01 1.247344125000000000e+06
1.177885681390762329e-01 1.204737375000000000e+06
1.213689446449279785e-01 1.168020250000000000e+06
1.249493062496185303e-01 1.133724375000000000e+06
1.285296678543090820e-01 1.098702000000000000e+06
1.321100443601608276e-01 1.061084250000000000e+06
1.356904208660125732e-01 1.020886000000000000e+06
1.392707824707031250e-01 9.794790000000000000e+05
1.428511440753936768e-01 9.386521875000000000e+05
1.464315205812454224e-01 9.001275000000000000e+05
1.500118970870971680e-01 8.653371250000000000e+05
1.535922586917877197e-01 8.350657500000000000e+05
1.571726202964782715e-01 8.091923750000000000e+05
1.607529968023300171e-01 7.868353125000000000e+05
1.643333584070205688e-01 7.667193750000000000e+05
1.679137349128723145e-01 7.475130625000000000e+05
1.714941114187240601e-01 7.281380625000000000e+05
1.750744730234146118e-01 7.080286875000000000e+05
1.786548495292663574e-01 6.871834375000000000e+05
1.822352111339569092e-01 6.659960625000000000e+05
1.858155876398086548e-01 6.450565625000000000e+05
1.893959343433380127e-01 6.250118750000000000e+05
1.929763108491897583e-01 6.064152500000000000e+05
1.965566873550415039e-01 5.895568750000000000e+05
2.001370489597320557e-01 5.743967500000000000e+05
2.037174254655838013e-01 5.606438125000000000e+05
2.072978019714355469e-01 5.478854375000000000e+05
2.108781486749649048e-01 5.356801875000000000e+05
2.144585251808166504e-01 5.236368437500000000e+05
2.180389016866683960e-01 5.115058125000000000e+05
2.216192632913589478e-01 4.992355937500000000e+05
2.251996397972106934e-01 4.869461250000000000e+05
2.287800163030624390e-01 4.748431875000000000e+05
2.323603779077529907e-01 4.631405625000000000e+05
2.359407544136047363e-01 4.520153750000000000e+05
2.395211309194564819e-01 4.415788437500000000e+05
2.431014776229858398e-01 4.318504062500000000e+05
2.466818541288375854e-01 4.227526875000000000e+05
2.502622008323669434e-01 4.141438750000000000e+05
2.538425922393798828e-01 4.058689687500000000e+05
2.574229538440704346e-01 3.977949375000000000e+05
2.610033154487609863e-01 3.898255000000000000e+05
2.645837068557739258e-01 3.819135937500000000e+05
2.681640684604644775e-01 3.740737500000000000e+05
2.717444300651550293e-01 3.663687500000000000e+05
2.753247916698455811e-01 3.588728125000000000e+05
2.789051830768585205e-01 3.516422812500000000e+05
2.824855446815490723e-01 3.447124375000000000e+05
2.860659062862396240e-01 3.380990312500000000e+05
2.896462976932525635e-01 3.317905312500000000e+05
2.932266592979431152e-01 3.257455000000000000e+05
2.968070209026336670e-01 3.199074062500000000e+05
3.003873825073242188e-01 3.142249062500000000e+05
3.039677441120147705e-01 3.086616250000000000e+05
3.075481355190277100e-01 3.031967187500000000e+05
3.111284971237182617e-01 2.978245625000000000e+05
3.147088587284088135e-01 2.925534375000000000e+05
3.182892501354217529e-01 2.874019375000000000e+05
3.218695819377899170e-01 2.823921250000000000e+05
3.254499733448028564e-01 2.775407187500000000e+05
3.290303349494934082e-01 2.728521875000000000e+05
3.326106965541839600e-01 2.683192187500000000e+05
3.361910879611968994e-01 2.639301562500000000e+05
3.397714495658874512e-01 2.596722343750000000e+05
3.433518111705780029e-01 2.555292500000000000e+05
3.469322025775909424e-01 2.514820312500000000e+05
3.505125641822814941e-01 2.475160000000000000e+05
3.540929257869720459e-01 2.436272812500000000e+05
3.576732873916625977e-01 2.398195625000000000e+05
3.612536787986755371e-01 2.360963593750000000e+05
3.648340404033660889e-01 2.324590468750000000e+05
3.684143722057342529e-01 2.289101250000000000e+05
3.719947934150695801e-01 2.254540156250000000e+05
3.755751252174377441e-01 2.220923281250000000e+05
3.791554868221282959e-01 2.188201250000000000e+05
3.827358782291412354e-01 2.156288281250000000e+05
3.863162398338317871e-01 2.125118281250000000e+05
3.898966014385223389e-01 2.094656875000000000e+05
3.934769928455352783e-01 2.064864218750000000e+05
3.970573544502258301e-01 2.035682031250000000e+05
4.006377160549163818e-01 2.007068125000000000e+05
4.042181074619293213e-01 1.979029531250000000e+05
4.077984690666198730e-01 1.951595156250000000e+05
4.113788306713104248e-01 1.924771250000000000e+05
4.149592220783233643e-01 1.898535156250000000e+05
4.185395836830139160e-01 1.872868593750000000e+05
4.359787106513977051e-01 1.755671718750000000e+05
5.418601632118225098e-01 1.239546171875000000e+05
6.760846376419067383e-01 8.647917968750000000e+04
8.435580134391784668e-01 6.002287500000000000e+04
1.052516222000122070e+00 4.146670703125000000e+04
1.313235640525817871e+00 2.852660156250000000e+04
1.638538122177124023e+00 1.954979687500000000e+04
2.044421195983886719e+00 1.335131250000000000e+04
2.550846099853515625e+00 9.089307617187500000e+03
3.182717561721801758e+00 6.169947753906250000e+03
3.971110582351684570e+00 4.177145019531250000e+03
4.954796791076660156e+00 2.821115722656250000e+03
6.182152748107910156e+00 1.901027709960937500e+03
7.713537693023681641e+00 1.278367675781250000e+03
9.624261856079101562e+00 8.580043334960937500e+02
1.200829315185546875e+01 5.748404541015625000e+02
1.498287582397460938e+01 3.844849548339843750e+02
1.869429206848144531e+01 2.567600708007812500e+02
2.332506752014160156e+01 1.712084503173828125e+02
2.910293197631835938e+01 1.139973220825195312e+02
3.631203842163085938e+01 7.579566955566406250e+01
4.530691528320312500e+01 5.032270050048828125e+01
5.652991867065429688e+01 3.335924911499023438e+01
7.053297424316406250e+01 2.207631492614746094e+01
8.800474548339843750e+01 1.458029365539550781e+01
1.098044586181640625e+02 9.605809211730957031e+00
1.370041809082031250e+02 6.308651447296142578e+00
1.709415588378906250e+02 4.126543045043945312e+00
2.132855987548828125e+02 2.685675144195556641e+00
2.661187133789062500e+02 1.738008022308349609e+00
3.320391235351562500e+02 1.119127392768859863e+00
