# PKDTree 2 point correlation for input file:b1T10.txt
# Separation[R]     Correlation Value[Xi(R)]
0.05511384273030778 0.0
0.06930361792381726 -0.06666666666666668
0.08714673518290574 0.0
0.10958379490934936 0.0
0.13779756730450515 -0.21333333333333337
0.17327534213199278 -0.1523809523809524
0.21788733123721493 18.992380952380948
0.27398525681462366 41.68
0.3445263225058666 30.18285714285714
0.4332291024685567 27.947094553044213
0.5447695661120793 18.836792640841587
0.6850275719496074 12.67741871595803
0.861396824496304 9.530393371980605
1.0831746335998582 6.106813773119385
1.362052022376849 4.979914199430435
1.7127300198078674 3.7215526227633022
2.1536946258719634 2.4467521788397937
2.7081913015281347 1.736354497211688
3.4054503538092 1.2897858151764585
4.282227812235932 0.9294278519240177
5.384743023892676 0.680208043105168
6.771115107540508 0.5283022874702067
8.514426704511404 0.3682553083466816
10.706576532093493 0.26001647346676254
13.463123826861715 0.17277158418395763
16.929380052913142 0.10716691418624362
21.288068999568992 0.06207017248894857
26.76895907079767 0.038389880247384676
33.66097553275257 0.023852974039306064
