# PKDTree 2 point correlation for input file:DLAhost_snap49_r1_b1alpha (copy).txt
# Separation[R]     Correlation Value[Xi(R)]
0.05511384273030778 0.5
0.06930361792381727 0.5
0.08714673518290574 3.5
0.10958379490934936 21.5
0.13779756730450518 39.5
0.17327534213199275 57.5
0.21788733123721493 96.5
0.2739852568146237 135.5
0.3445263225058667 276.5
0.4332291024685567 360.5
0.5447695661120792 450.5
0.6850275719496073 233.5
0.8613968244963038 79.04545454545455
1.083174633599858 103.04545454545455
1.362052022376849 47.611111111111114
1.7127300198078677 65.06521739130434
2.1536946258719634 22.876470588235293
2.7081913015281343 16.75581395348837
3.4054503538092 8.445686900958467
4.282227812235932 4.565378900445765
5.384743023892677 2.920590582601756
6.771115107540508 1.7116067903671537
8.514426704511402 1.23130890052356
10.706576532093493 0.6139240506329113
13.463123826861713 0.20920380992474863
16.929380052913146 0.0006814719794756563
21.288068999568992 -0.20819828281892871
26.768959070797663 -0.2785745054508102
33.66097553275258 -0.33411389940184344
