# PKDTree 2 point correlation for input file:DLAhost_snap49_r1_b1T10 (copy).txt
# Separation[R]     Correlation Value[Xi(R)]
0.055113842730307755 0.0
0.06930361792381728 0.0
0.08714673518290578 -0.05333333333333334
0.10958379490934934 -0.05866666666666667
0.13779756730450513 -0.08
0.17327534213199275 -0.22400000000000006
0.21788733123721482 29.722666666666665
0.27398525681462355 32.15085714285714
0.3445263225058667 35.25388034188034
0.4332291024685569 27.06861796798981
0.544769566112079 21.184668877668557
0.6850275719496074 13.942663116291875
0.8613968244963036 8.710019009639197
1.0831746335998576 6.470442251066598
1.36205202237685 4.512752276965517
1.712730019807867 3.727740999877122
2.1536946258719634 2.4057824345444256
2.7081913015281334 1.734810267981747
3.4054503538092002 1.3073298141844854
4.282227812235932 0.9171468201456594
5.384743023892678 0.6820264080514005
6.771115107540509 0.5290492534449038
8.514426704511406 0.3693394528522628
10.706576532093493 0.25877631648060256
13.46312382686171 0.17181639346066346
16.929380052913135 0.1068351899817566
21.288068999568978 0.06229363125803729
26.768959070797674 0.038775496868349836
33.660975532752566 0.02404544516332428
