# PKDTree 2 point correlation for input file:b1alpha.txt
# Separation[R]     Correlation Value[Xi(R)]
0.05511384273030778 5.25
0.06930361792381727 5.25
0.08714673518290574 17.75
0.10958379490934936 92.75
0.13779756730450518 167.75
0.17327534213199275 242.75
0.21788733123721493 405.25
0.2739852568146237 491.9166666666667
0.3445263225058667 1155.25
0.4332291024685567 1304.4166666666665
0.5447695661120792 671.4722222222223
0.6850275719496073 493.808275058275
0.8613968244963038 311.5210720651897
1.083174633599858 162.67058004646518
1.362052022376849 93.54156964682163
1.7127300198078674 54.896291922990955
2.1536946258719634 41.04533487146931
2.7081913015281343 22.045893352505836
3.4054503538092 13.554051547712973
4.282227812235932 8.05559176254729
5.384743023892677 4.925060010028245
6.771115107540508 3.2482173095431586
8.514426704511402 2.284574041625664
10.706576532093493 1.425818201444756
13.463123826861713 0.7886830741137467
16.929380052913146 0.47014799057281415
21.288068999568992 0.18271689254800277
26.768959070797667 0.08287945186049375
33.66097553275258 0.0012174826270054506
