# PKDTree 2 point correlation for input file:DLAhost_snap49_r1_b1T10 (copy).txt
# Separation[R]     Correlation Value[Xi(R)]
0.05511384273030778 0.0
0.06930361792381727 0.0
0.08714673518290574 0.0
0.10958379490934936 0.0
0.13779756730450518 0.0
0.17327534213199275 0.0
0.21788733123721493 12.666666666666666
0.2739852568146237 32.0
0.3445263225058667 36.4
0.4332291024685567 27.384615384615383
0.5447695661120792 16.484848484848484
0.6850275719496073 11.180327868852459
0.8613968244963038 8.822429906542055
1.083174633599858 5.682403433476395
1.362052022376849 4.824691358024691
1.7127300198078677 3.715319662243667
2.1536946258719634 2.298093587521664
2.7081913015281343 1.7441364605543712
3.4054503538092 1.2532613585245165
4.282227812235932 0.9164813252550041
5.384743023892677 0.688357628765792
6.771115107540508 0.5298250394099215
8.514426704511402 0.37294386519014044
10.706576532093493 0.2633888250013572
13.463123826861713 0.171182591634357
16.929380052913146 0.10540891281535436
21.288068999568992 0.06228828435308342
26.768959070797663 0.038763567610687
33.66097553275258 0.023271689047527744
