# PKDTree 2 point correlation for input file:b1T10.txt
# Separation[R]     Correlation Value[Xi(R)]
0.05511384273030778 15.0
0.06930361792381727 15.0
0.08714673518290574 4.333333333333333
0.10958379490934936 4.333333333333333
0.13779756730450518 1.2857142857142856
0.17327534213199275 -0.1578947368421053
0.21788733123721493 23.296296296296298
0.2739852568146237 26.789473684210527
0.3445263225058667 23.32520325203252
0.4332291024685567 27.248803827751196
0.5447695661120792 20.222988505747125
0.6850275719496073 12.135911602209944
0.8613968244963038 9.529743268628678
1.083174633599858 6.342175066312997
1.362052022376849 4.6766431042261996
1.7127300198078677 3.793010958694153
2.1536946258719634 2.4910758647047584
2.7081913015281343 1.7363745087989066
3.4054503538092 1.2884554981296934
4.282227812235932 0.9166742568419437
5.384743023892677 0.6725142539452562
6.771115107540508 0.5308845743275894
8.514426704511402 0.37012586177045836
10.706576532093493 0.25921514576395843
13.463123826861713 0.17353424052935607
16.929380052913146 0.10763287530901855
21.288068999568992 0.06162354762307842
26.768959070797663 0.038154325087523366
33.66097553275258 0.024190001004900985
