# PKDTree 2 point correlation for input file:DLAhost_snap49_r1_b1T10 (copy).txt
# Separation[R]     Correlation Value[Xi(R)]
0.05511384273030778 0.0
0.06930361792381727 0.0
0.08714673518290574 -0.13333333333333336
0.10958379490934936 0.0
0.13779756730450518 0.0
0.17327534213199275 -0.13333333333333336
0.21788733123721493 15.47809523809524
0.2739852568146237 29.360000000000003
0.3445263225058667 34.36581196581197
0.4332291024685567 27.659860139860143
0.5447695661120792 19.506610216127456
0.6850275719496073 12.321686211048121
0.8613968244963038 8.541347144727153
1.083174633599858 7.308805142955753
1.362052022376849 4.739931938026924
1.7127300198078674 3.7663435546920354
2.1536946258719634 2.415905963232343
2.7081913015281343 1.7188005702696294
3.4054503538092 1.282352460540643
4.282227812235932 0.919482904182729
5.384743023892677 0.6755334669301882
6.771115107540508 0.5208371240160842
8.514426704511402 0.37062959836634235
10.706576532093493 0.258090895862806
13.463123826861713 0.1731645030547385
16.929380052913146 0.10793392642901409
21.288068999568992 0.061914936066665406
26.768959070797667 0.0379218896550821
33.66097553275258 0.024390632499088082
