# PKDTree 2 point correlation for input file:DLAhost_snap49_r1_b1T10 (copy).txt
# Separation[R]     Correlation Value[Xi(R)]
0.05511384273030778 3.0
0.06930361792381727 0.33333333333333326
0.08714673518290574 3.0
0.10958379490934936 -0.19999999999999996
0.13779756730450518 3.0
0.17327534213199275 -0.5555555555555556
0.21788733123721493 13.909090909090908
0.2739852568146237 25.4
0.3445263225058667 48.86666666666667
0.4332291024685567 30.404255319148938
0.5447695661120792 18.074380165289256
0.6850275719496073 12.327354260089686
0.8613968244963038 9.13012048192771
1.083174633599858 6.512665862484922
1.362052022376849 4.828289067325509
1.7127300198078677 3.8755846585594016
2.1536946258719634 2.3557678177810435
2.7081913015281343 1.7777692129808065
3.4054503538092 1.309093004494641
4.282227812235932 0.922415616886239
5.384743023892677 0.6702269821279214
6.771115107540508 0.5242111794618229
8.514426704511402 0.37152795639659497
10.706576532093493 0.26097253095732165
13.463123826861713 0.17221162496637898
16.929380052913146 0.10681537772386784
21.288068999568992 0.06190235419839163
26.768959070797663 0.03825785426420647
33.66097553275258 0.024025813754241065
