# PKDTree 2 point correlation for input file:b1.txt
# Separation[R]     Correlation Value[Xi(R)]
0.05511384273030778 5.25
0.06930361792381727 5.25
0.08714673518290574 26.083333333333336
0.10958379490934936 196.08333333333334
0.13779756730450518 524.4166666666667
0.17327534213199275 1120.25
0.21788733123721493 992.75
0.2739852568146237 599.4765512265514
0.3445263225058667 770.077067669173
0.4332291024685567 315.5090070510963
0.5447695661120792 259.2583965645313
0.6850275719496073 147.10024104604418
0.8613968244963038 100.17657588915476
1.083174633599858 64.51354724817875
1.362052022376849 39.29914121347286
1.7127300198078674 24.908432634527088
2.1536946258719634 16.561555375231762
2.7081913015281343 11.56948932188064
3.4054503538092 8.28059726650799
4.282227812235932 5.590512683547123
5.384743023892677 3.865002916783452
6.771115107540508 2.6451048360257152
8.514426704511402 1.8140127172066614
10.706576532093493 1.151751281454969
13.463123826861713 0.6600078631737925
16.929380052913146 0.37669317903131666
21.288068999568992 0.18451055895362659
26.768959070797667 0.08992608184547572
33.66097553275258 -0.003921770987277151
