# PKDTree 2 point correlation for input file:DLAhost_snap49_r1_b1T10 (copy).txt
# Separation[R]     Correlation Value[Xi(R)]
0.05511384273030778 0.0
0.06930361792381727 0.0
0.08714673518290574 0.0
0.10958379490934936 0.0
0.13779756730450518 0.0
0.17327534213199275 -0.6666666666666667
0.21788733123721493 40.0
0.2739852568146237 32.0
0.3445263225058667 11.466666666666667
0.4332291024685567 32.54545454545455
0.5447695661120792 17.612903225806452
0.6850275719496073 14.808510638297872
0.8613968244963038 7.022900763358779
1.083174633599858 6.669950738916256
1.362052022376849 4.912280701754386
1.7127300198078677 3.8081180811808117
2.1536946258719634 2.3172574084834396
2.7081913015281343 1.7796976241900646
3.4054503538092 1.3294062935978919
4.282227812235932 0.9405917527374388
5.384743023892677 0.6848209783156833
6.771115107540508 0.5445542609003202
8.514426704511402 0.37386021220419496
10.706576532093493 0.2564434824009856
13.463123826861713 0.17046529374430452
16.929380052913146 0.10732035006313323
21.288068999568992 0.06281105780157548
26.768959070797663 0.03906973521997825
33.66097553275258 0.024548957085713807
