# PKDTree 2 point correlation for input file:DLAhost_snap49_r1_b1T10 (copy).txt
# Separation[R]     Correlation Value[Xi(R)]
0.05511384273030778 0.0
0.06930361792381726 0.0
0.08714673518290574 0.0
0.10958379490934936 0.0
0.13779756730450515 -0.2
0.17327534213199278 -0.1523809523809524
0.21788733123721493 27.374603174603173
0.27398525681462366 34.074285714285715
0.3445263225058666 44.61978021978021
0.4332291024685567 40.08529117940883
0.5447695661120793 25.9913226534263
0.6850275719496074 13.223227503472978
0.861396824496304 8.822485935992962
1.0831746335998582 6.208107985232013
1.362052022376849 4.63153729900687
1.7127300198078674 3.7263142465376236
2.1536946258719634 2.435229161263727
2.7081913015281347 1.736741083465581
3.4054503538092 1.3074962051410437
4.282227812235932 0.9142503189682772
5.384743023892676 0.6769388656847067
6.771115107540508 0.5266820548488313
8.514426704511404 0.3697545159227829
10.706576532093493 0.25946966079984896
13.463123826861715 0.17152269365846282
16.929380052913142 0.10734548514681759
21.288068999568992 0.06151662279250527
26.76895907079767 0.038471092597569936
33.66097553275257 0.024149093535542378
