# PKDTree 2 point correlation for input file:DLAhost_snap49_r1_b1 (copy).txt
# Separation[R]     Correlation Value[Xi(R)]
0.05511384273030778 0.0
0.06930361792381727 0.0
0.08714673518290574 4.0
0.10958379490934936 36.266666666666666
0.13779756730450518 96.0
0.17327534213199275 206.0
0.21788733123721493 310.64
0.2739852568146237 400.1333333333333
0.3445263225058667 484.0
0.4332291024685567 131.82395382395381
0.5447695661120792 250.05714285714285
0.6850275719496073 270.1930158730159
0.8613968244963038 106.73161866125761
1.083174633599858 64.44920508818876
1.362052022376849 40.80562068462588
1.7127300198078674 22.519464961702617
2.1536946258719634 17.48439903865319
2.7081913015281343 11.494269478081927
3.4054503538092 8.165032426876916
4.282227812235932 5.511994092798799
5.384743023892677 3.803357289969699
6.771115107540508 2.635211749601396
8.514426704511402 1.8412570617035136
10.706576532093493 1.1513758353952708
13.463123826861713 0.6622363583831608
16.929380052913146 0.3750896056298962
21.288068999568992 0.1855492513550236
26.768959070797667 0.08991824360898884
33.66097553275258 -0.0040902830426624345
