# PKDTree 2 point correlation for input file:DLAhost_snap49_r1_b1 (copy).txt
# Separation[R]     Correlation Value[Xi(R)]
0.05511384273030778 0.5
0.06930361792381727 0.5
0.08714673518290574 6.5
0.10958379490934936 63.5
0.13779756730450518 47.5
0.17327534213199275 102.5
0.21788733123721493 184.5
0.2739852568146237 163.1
0.3445263225058667 186.07142857142856
0.4332291024685567 331.7
0.5447695661120792 150.5
0.6850275719496073 114.13999999999999
0.8613968244963038 85.96341463414635
1.083174633599858 32.78671328671329
1.362052022376849 25.04077253218884
1.7127300198078677 15.473741794310722
2.1536946258719634 11.232491389207809
2.7081913015281343 7.912084592145016
3.4054503538092 5.1473402758232485
4.282227812235932 3.4380684278908618
5.384743023892677 2.2300122557854514
6.771115107540508 1.4346032207641137
8.514426704511402 0.8745693819149516
10.706576532093493 0.4351358782823884
13.463123826861713 0.10738640293242963
16.929380052913146 -0.0824789422611506
21.288068999568992 -0.20898956525595525
26.768959070797663 -0.2732759878643892
33.66097553275258 -0.3368607348166931
