# PKDTree 2 point correlation for input file:b1T10.txt
# Separation[R]     Correlation Value[Xi(R)]
0.05511384273030778 0.0
0.06930361792381727 0.0
0.08714673518290574 0.0
0.10958379490934936 0.0
0.13779756730450518 0.0
0.17327534213199275 0.0
0.21788733123721493 7.199999999999999
0.2739852568146237 13.142857142857142
0.3445263225058667 19.77777777777778
0.4332291024685567 23.6
0.5447695661120792 15.485714285714284
0.6850275719496073 14.16326530612245
0.8613968244963038 8.139130434782608
1.083174633599858 6.04524886877828
1.362052022376849 4.8535980148883375
1.7127300198078677 4.232931726907631
2.1536946258719634 2.6018927444794953
2.7081913015281343 1.7458092045108198
3.4054503538092 1.3490698765046116
4.282227812235932 0.9259344894026975
5.384743023892677 0.6784403137921706
6.771115107540508 0.5305399248427733
8.514426704511402 0.37283614001706566
10.706576532093493 0.26159555645363985
13.463123826861713 0.1748871475918623
16.929380052913146 0.10633492880056572
21.288068999568992 0.06266867411425547
26.768959070797663 0.03763074836032909
33.66097553275258 0.0246881520336919
