# PKDTree 2 point correlation for input file:b1T10.txt
# Separation[R]     Correlation Value[Xi(R)]
0.05511384273030778 0.0
0.06930361792381727 0.0
0.08714673518290574 0.0
0.10958379490934936 -0.13333333333333336
0.13779756730450518 -0.13333333333333336
0.17327534213199275 -0.13333333333333336
0.21788733123721493 21.413333333333334
0.2739852568146237 17.417142857142856
0.3445263225058667 21.732258852258855
0.4332291024685567 30.518319327731092
0.5447695661120792 21.528453954840764
0.6850275719496073 14.65162661845358
0.8613968244963038 9.393566618134836
1.083174633599858 6.772674657783595
1.362052022376849 4.873214477974676
1.7127300198078674 3.6620469352338523
2.1536946258719634 2.397805175517866
2.7081913015281343 1.687398598324129
3.4054503538092 1.2847183443249455
4.282227812235932 0.9209331940429525
5.384743023892677 0.6769750193522971
6.771115107540508 0.5340664749775803
8.514426704511402 0.3628783472566802
10.706576532093493 0.2582904282890387
13.463123826861713 0.17353545841970922
16.929380052913146 0.10604822891122141
21.288068999568992 0.06211776600866874
26.768959070797667 0.03846531445506272
33.66097553275258 0.023835067640254604
