# PKDTree 2 point correlation for input file:DLAhost_snap49_r1_b1T10 (copy).txt
# Separation[R]     Correlation Value[Xi(R)]
0.05511384273030778 0.0
0.06930361792381727 0.0
0.08714673518290574 0.0
0.10958379490934936 0.0
0.13779756730450518 0.0
0.17327534213199275 -0.6666666666666667
0.21788733123721493 12.666666666666666
0.2739852568146237 32.0
0.3445263225058667 36.4
0.4332291024685567 23.6
0.5447695661120792 20.37037037037037
0.6850275719496073 9.178082191780822
0.8613968244963038 9.835051546391753
1.083174633599858 6.595121951219512
1.362052022376849 5.06426735218509
1.7127300198078677 3.5295480880648897
2.1536946258719634 2.4789762340036563
2.7081913015281343 1.8321282615529708
3.4054503538092 1.300168375937548
4.282227812235932 0.9295035132422207
5.384743023892677 0.6708213117907289
6.771115107540508 0.5388696384174154
8.514426704511402 0.3681396553577887
10.706576532093493 0.25549446507133844
13.463123826861713 0.17106105193454257
16.929380052913146 0.10841517643118026
21.288068999568992 0.0627205665535806
26.768959070797663 0.038587014510890416
33.66097553275258 0.024517164944348746
