# PKDTree 2 point correlation for input file:b1alpha.txt
# Separation[R]     Correlation Value[Xi(R)]
0.05511384273030778 0.0
0.06930361792381727 0.0
0.08714673518290574 2.0
0.10958379490934936 14.0
0.13779756730450518 26.0
0.17327534213199275 38.0
0.21788733123721493 64.0
0.2739852568146237 90.0
0.3445263225058667 184.0
0.4332291024685567 240.0
0.5447695661120792 300.0
0.6850275719496073 468.0
0.8613968244963038 194.66666666666666
1.083174633599858 108.0
1.362052022376849 874.0
1.7127300198078677 47.23809523809524
2.1536946258719634 32.0
2.7081913015281343 25.789473684210527
3.4054503538092 15.289256198347108
4.282227812235932 8.214022140221402
5.384743023892677 4.467445742904841
6.771115107540508 3.3402843601895738
8.514426704511402 2.19810895992796
10.706576532093493 1.4297002091564024
13.463123826861713 0.8213054333610748
16.929380052913146 0.4648788216653952
21.288068999568992 0.16305710204914448
26.768959070797663 0.08543096872616318
33.66097553275258 0.0011410297793759128
