# PKDTree 2 point correlation for input file:b1.txt
# Separation[R]     Correlation Value[Xi(R)]
0.05511384273030778 -0.6666666666666667
0.06930361792381727 0.0
0.08714673518290574 4.0
0.10958379490934936 42.0
0.13779756730450518 96.0
0.17327534213199275 206.0
0.21788733123721493 122.66666666666667
0.2739852568146237 181.33333333333334
0.3445263225058667 290.0
0.4332291024685567 220.8
0.5447695661120792 167.33333333333334
0.6850275719496073 146.6153846153846
0.8613968244963038 59.94871794871795
1.083174633599858 59.77358490566038
1.362052022376849 36.11009174311926
1.7127300198078677 26.7292817679558
2.1536946258719634 17.44935064935065
2.7081913015281343 10.94775212636695
3.4054503538092 8.498369210697978
4.282227812235932 5.479607967119823
5.384743023892677 3.7494037207823183
6.771115107540508 2.6074169831138403
8.514426704511402 1.815382088449062
10.706576532093493 1.1510230995899358
13.463123826861713 0.6587794088700571
16.929380052913146 0.3794675733692672
21.288068999568992 0.19085846513086624
26.768959070797663 0.09013409216479262
33.66097553275258 -0.004975931778332554
