# PKDTree 2 point correlation for input file:b1T10.txt
# Separation[R]     Correlation Value[Xi(R)]
0.05511384273030778 0.0
0.06930361792381727 -0.6666666666666667
0.08714673518290574 0.0
0.10958379490934936 0.0
0.13779756730450518 -0.6666666666666667
0.17327534213199275 -0.6666666666666667
0.21788733123721493 12.666666666666666
0.2739852568146237 13.142857142857142
0.3445263225058667 186.0
0.4332291024685567 40.0
0.5447695661120792 16.484848484848484
0.6850275719496073 9.768115942028986
0.8613968244963038 8.822429906542055
1.083174633599858 6.04524886877828
1.362052022376849 5.033248081841432
1.7127300198078677 3.6480380499405474
2.1536946258719634 2.212718064153067
2.7081913015281343 1.8039215686274508
3.4054503538092 1.2634432896520562
4.282227812235932 0.8952597648843383
5.384743023892677 0.6789593722215779
6.771115107540508 0.544311506650164
8.514426704511402 0.371948051948052
10.706576532093493 0.25963379048012714
13.463123826861713 0.17506192000357013
16.929380052913146 0.10947621380218941
21.288068999568992 0.06225770539855047
26.768959070797663 0.038269370124253355
33.66097553275258 0.02456582718646705
