# PKDTree 2 point correlation for input file:b1T10.txt
# Separation[R]     Correlation Value[Xi(R)]
0.05511384273030778 3.0
0.06930361792381727 3.0
0.08714673518290574 3.0
0.10958379490934936 3.0
0.13779756730450518 3.0
0.17327534213199275 0.33333333333333326
0.21788733123721493 53.666666666666664
0.2739852568146237 17.857142857142858
0.3445263225058667 26.703703703703702
0.4332291024685567 31.799999999999997
0.5447695661120792 21.85148514851485
0.6850275719496073 12.953051643192488
0.8613968244963038 10.092348284960423
1.083174633599858 6.370414201183432
1.362052022376849 4.930861093651791
1.7127300198078677 3.6744394618834084
2.1536946258719634 2.4901421366345713
2.7081913015281343 1.7709342560553631
3.4054503538092 1.2860837485262238
4.282227812235932 0.9172532847415364
5.384743023892677 0.6782295379681418
6.771115107540508 0.528107580079995
8.514426704511402 0.36859113030767454
10.706576532093493 0.2619111881794576
13.463123826861713 0.17311396731910067
16.929380052913146 0.10700051518041098
21.288068999568992 0.06266651203926155
26.768959070797663 0.038163450178071656
33.66097553275258 0.024201094583344185
