# PKDTree 2 point correlation for input file:DLAhost_snap49_r1_b1alpha (copy).txt
# Separation[R]     Correlation Value[Xi(R)]
0.05511384273030778 0.0
0.06930361792381727 0.0
0.08714673518290574 2.0
0.10958379490934936 14.0
0.13779756730450518 26.0
0.17327534213199275 38.0
0.21788733123721493 64.0
0.2739852568146237 90.0
0.3445263225058667 159.33333333333331
0.4332291024685567 240.0
0.5447695661120792 211.70666666666665
0.6850275719496073 255.38666666666668
0.8613968244963038 335.5466666666667
1.083174633599858 230.8727272727273
1.362052022376849 92.48484848484848
1.7127300198078674 69.87898364604646
2.1536946258719634 34.76291336570406
2.7081913015281343 22.045251321568458
3.4054503538092 12.904498100181943
4.282227812235932 8.472243916011854
5.384743023892677 5.050518136690507
6.771115107540508 3.201805453977298
8.514426704511402 2.3076764594173
10.706576532093493 1.4809413918025107
13.463123826861713 0.8161006754028508
16.929380052913146 0.4792458755306902
21.288068999568992 0.18679910754039253
26.768959070797667 0.08010250445428949
33.66097553275258 0.001958668828906851
