# PKDTree 2 point correlation for input file:b1T10.txt
# Separation[R]     Correlation Value[Xi(R)]
0.05511384273030778 0.0
0.06930361792381727 0.0
0.08714673518290574 0.0
0.10958379490934936 0.0
0.13779756730450518 -0.8
0.17327534213199275 0.0
0.21788733123721493 12.666666666666666
0.2739852568146237 98.0
0.3445263225058667 19.77777777777778
0.4332291024685567 40.0
0.5447695661120792 29.36842105263158
0.6850275719496073 14.808510638297872
0.8613968244963038 10.063157894736841
1.083174633599858 6.175115207373272
1.362052022376849 4.882793017456359
1.7127300198078677 3.6702508960573477
2.1536946258719634 2.583804143126177
2.7081913015281343 1.8755186721991701
3.4054503538092 1.3322986186559058
4.282227812235932 0.9295035132422207
5.384743023892677 0.7226430809503035
6.771115107540508 0.5373648080420879
8.514426704511402 0.3664567774686387
10.706576532093493 0.25720866955782906
13.463123826861713 0.16866436033939003
16.929380052913146 0.10316489503434823
21.288068999568992 0.06176735318603832
26.768959070797663 0.039154159306694636
33.66097553275258 0.024246687155026647
