# PKDTree 2 point correlation for input file:b1T10.txt
# Separation[R]     Correlation Value[Xi(R)]
0.05511384273030778 1.25
0.06930361792381727 1.25
0.08714673518290574 1.25
0.10958379490934936 -0.55
0.13779756730450518 1.25
0.17327534213199275 1.25
0.21788733123721493 12.178571428571429
0.2739852568146237 23.75
0.3445263225058667 27.049999999999997
0.4332291024685567 22.72142857142857
0.5447695661120792 16.78424657534247
0.6850275719496073 13.288461538461538
0.8613968244963038 8.731481481481481
1.083174633599858 6.980068337129841
1.362052022376849 4.904060066740823
1.7127300198078677 3.767073170731707
2.1536946258719634 2.359992152759613
2.7081913015281343 1.6901459854014602
3.4054503538092 1.2983311807490994
4.282227812235932 0.914963727393481
5.384743023892677 0.6740197337992704
6.771115107540508 0.5228274626968479
8.514426704511402 0.3634028875083877
10.706576532093493 0.2559126502148963
13.463123826861713 0.17409258910611491
16.929380052913146 0.10954274976164102
21.288068999568992 0.06205677012902844
26.768959070797663 0.03864742088454198
33.66097553275258 0.023776969805208825
