# PKDTree 2 point correlation for input file:DLAhost_snap49_r1_b1T10 (copy).txt
# Separation[R]     Correlation Value[Xi(R)]
0.05511384273030778 15.0
0.06930361792381727 2.2
0.08714673518290574 2.2
0.10958379490934936 2.2
0.13779756730450518 0.4545454545454546
0.17327534213199275 -0.1578947368421053
0.21788733123721493 17.742857142857144
0.2739852568146237 35.83720930232558
0.3445263225058667 21.83969465648855
0.4332291024685567 26.207373271889402
0.5447695661120792 23.230971128608925
0.6850275719496073 13.002355712603062
0.8613968244963038 8.85120093731693
1.083174633599858 6.1197484995713065
1.362052022376849 4.577656273089995
1.7127300198078677 3.577618385420479
2.1536946258719634 2.3897650944446505
2.7081913015281343 1.7430398294924738
3.4054503538092 1.3136481297933966
4.282227812235932 0.9152970256714874
5.384743023892677 0.6695408166942549
6.771115107540508 0.5275563582393372
8.514426704511402 0.36498681985098047
10.706576532093493 0.2573866010414201
13.463123826861713 0.1730869276476703
16.929380052913146 0.1079858300421932
21.288068999568992 0.06222775136339176
26.768959070797663 0.038773807079612865
33.66097553275258 0.024145102327500556
