# PKDTree 2 point correlation for input file:DLAhost_snap49_r1_b1alpha (copy).txt
# Separation[R]     Correlation Value[Xi(R)]
0.05511384273030778 1.0
0.06930361792381727 1.0
0.08714673518290574 5.0
0.10958379490934936 29.0
0.13779756730450518 53.0
0.17327534213199275 77.0
0.21788733123721493 129.0
0.2739852568146237 181.0
0.3445263225058667 369.0
0.4332291024685567 95.4
0.5447695661120792 601.0
0.6850275719496073 311.6666666666667
0.8613968244963038 77.26666666666667
1.083174633599858 65.34782608695652
1.362052022376849 49.0
1.7127300198078677 24.645569620253166
2.1536946258719634 17.923076923076923
2.7081913015281343 8.008849557522124
3.4054503538092 6.480075901328274
4.282227812235932 3.503155996393147
5.384743023892677 1.967829632985954
6.771115107540508 1.14825240441004
8.514426704511402 0.6345644920032216
10.706576532093493 0.2114014251781473
13.463123826861713 -0.08464043500343577
16.929380052913146 -0.26442031441073766
21.288068999568992 -0.40687502322642977
26.768959070797663 -0.4565753758026171
33.66097553275258 -0.4990713109258532
