# PKDTree 2 point correlation for input file:DLAhost_snap49_r1_b1alpha (copy).txt
# Separation[R]     Correlation Value[Xi(R)]
0.05511384273030778 3.0
0.06930361792381727 3.0
0.08714673518290574 11.0
0.10958379490934936 59.0
0.13779756730450518 107.0
0.17327534213199275 155.0
0.21788733123721493 259.0
0.2739852568146237 120.33333333333333
0.3445263225058667 739.0
0.4332291024685567 320.3333333333333
0.5447695661120792 171.0
0.6850275719496073 143.30769230769232
0.8613968244963038 62.45945945945946
1.083174633599858 41.985915492957744
1.362052022376849 22.178807947019866
1.7127300198078677 12.643097643097644
2.1536946258719634 8.681574239713775
2.7081913015281343 4.924345295829292
3.4054503538092 2.5338413267593007
4.282227812235932 1.2190624305709843
5.384743023892677 0.5083477259643063
6.771115107540508 0.047047390384725274
8.514426704511402 -0.16756028244118248
10.706576532093493 -0.38781783847876683
13.463123826861713 -0.5485615353446053
16.929380052913146 -0.6325931377058228
21.288068999568992 -0.7040857758932362
26.768959070797663 -0.7291701069448371
33.66097553275258 -0.7493929310823514
