# PKDTree 2 point correlation for input file:b1T10.txt
# Separation[R]     Correlation Value[Xi(R)]
0.05511384273030778 11.8
0.06930361792381727 20.333333333333332
0.08714673518290574 20.333333333333332
0.10958379490934936 1.7826086956521738
0.13779756730450518 2.0476190476190474
0.17327534213199275 0.12280701754385959
0.21788733123721493 27.835164835164836
0.2739852568146237 31.49230769230769
0.3445263225058667 25.65478841870824
0.4332291024685567 26.49243306169965
0.5447695661120792 21.072922893006574
0.6850275719496073 12.559167379526661
0.8613968244963038 8.919480902521752
1.083174633599858 6.275169745199679
1.362052022376849 4.653473132372215
1.7127300198078677 3.697523330266444
2.1536946258719634 2.459377574110719
2.7081913015281343 1.7340518856069838
3.4054503538092 1.2933286277390015
4.282227812235932 0.9198425036162947
5.384743023892677 0.6792159786101297
6.771115107540508 0.5282760883334421
8.514426704511402 0.3674348217588024
10.706576532093493 0.2588104172341472
13.463123826861713 0.17212488216631217
16.929380052913146 0.10764151122604049
21.288068999568992 0.062051956064405944
26.768959070797663 0.0382098793675818
33.66097553275258 0.024108181889448188
