# PKDTree 2 point correlation for input file:DLAhost_snap49_r1_b1 (copy).txt
# Separation[R]     Correlation Value[Xi(R)]
0.05511384273030778 3.0
0.06930361792381727 0.33333333333333326
0.08714673518290574 19.0
0.10958379490934936 33.4
0.13779756730450518 128.33333333333334
0.17327534213199275 164.6
0.21788733123721493 163.88888888888889
0.2739852568146237 167.30769230769232
0.3445263225058667 111.64516129032258
0.4332291024685567 69.41269841269842
0.5447695661120792 48.26829268292683
0.6850275719496073 35.72727272727273
0.8613968244963038 22.829573934837093
1.083174633599858 14.247337278106508
1.362052022376849 8.800121138703815
1.7127300198078677 5.465700483091787
2.1536946258719634 3.4891768051824936
2.7081913015281343 2.2047584127760125
3.4054503538092 1.3155885977815767
4.282227812235932 0.6451606429732495
5.384743023892677 0.20725509018339827
6.771115107540508 -0.08731046959081357
8.514426704511402 -0.29719520789288234
10.706576532093493 -0.46160699894912605
13.463123826861713 -0.5845630039573891
16.929380052913146 -0.655699222244492
21.288068999568992 -0.7036664190394151
26.768959070797663 -0.7275520481678559
33.66097553275258 -0.7509540010014695
