# PKDTree 2 point correlation for input file:DLAhost_snap49_r1_b1T10 (copy).txt
# Separation[R]     Correlation Value[Xi(R)]
0.05511384273030777 0.0
0.06930361792381726 -0.044444444444444446
0.08714673518290576 0.0
0.10958379490934939 -0.08888888888888889
0.13779756730450515 -0.22222222222222227
0.17327534213199278 -0.24000000000000005
0.21788733123721488 16.675555555555555
0.2739852568146236 30.819047619047623
0.3445263225058666 37.418477818477825
0.43322910246855684 26.27925299091809
0.5447695661120793 21.91001453571937
0.6850275719496074 13.274448358608833
0.8613968244963037 8.459132018186583
1.0831746335998582 6.374520678253149
1.3620520223768495 4.611405372020575
1.7127300198078677 3.749154640198729
2.1536946258719634 2.440881963674737
2.708191301528134 1.7601052927224037
3.4054503538092002 1.3024892211626073
4.282227812235932 0.9212243045342196
5.3847430238926774 0.6797998269567976
6.771115107540509 0.5292365439262426
8.514426704511404 0.3690564689465949
10.706576532093493 0.25803624036831957
13.463123826861711 0.1725634027536835
16.92938005291314 0.10770057300383287
21.288068999568985 0.0618392135426887
26.768959070797674 0.038508674043200915
33.66097553275257 0.024286732677592418
