# PKDTree 2 point correlation for input file:DLAhost_snap49_r1_b1alpha (copy).txt
# Separation[R]     Correlation Value[Xi(R)]
0.05511384273030778 0.5
0.06930361792381727 0.5
0.08714673518290574 3.5
0.10958379490934936 21.5
0.13779756730450518 39.5
0.17327534213199275 57.5
0.21788733123721493 96.5
0.2739852568146237 135.5
0.3445263225058667 276.5
0.4332291024685567 360.5
0.5447695661120792 149.5
0.6850275719496073 233.5
0.8613968244963038 879.5
1.083174633599858 126.16666666666667
1.362052022376849 44.258620689655174
1.7127300198078677 31.329787234042556
2.1536946258719634 20.36315789473684
2.7081913015281343 17.03543307086614
3.4054503538092 9.596774193548388
4.282227812235932 4.825038880248833
5.384743023892677 3.0971643035863217
6.771115107540508 1.7662102295610151
8.514426704511402 1.3036756756756755
10.706576532093493 0.6229431853461658
13.463123826861713 0.20818655029181343
16.929380052913146 -0.02246443023104039
21.288068999568992 -0.2047474787738669
26.768959070797663 -0.28049135144781456
33.66097553275258 -0.332897040433514
