# PKDTree 2 point correlation for input file:b1T10.txt
# Separation[R]     Correlation Value[Xi(R)]
0.05511384273030778 0.0
0.06930361792381727 0.0
0.08714673518290574 0.0
0.10958379490934936 0.0
0.13779756730450518 0.0
0.17327534213199275 0.0
0.21788733123721493 40.0
0.2739852568146237 32.0
0.3445263225058667 61.333333333333336
0.4332291024685567 40.0
0.5447695661120792 16.484848484848484
0.6850275719496073 17.121951219512194
0.8613968244963038 8.468468468468469
1.083174633599858 7.151832460732985
1.362052022376849 5.095607235142118
1.7127300198078677 3.772893772893773
2.1536946258719634 2.3483870967741933
2.7081913015281343 1.6211812627291242
3.4054503538092 1.2987608994951811
4.282227812235932 0.9363812475784579
5.384743023892677 0.6991901725284613
6.771115107540508 0.5266163018779981
8.514426704511402 0.37426487192326197
10.706576532093493 0.2552851349297032
13.463123826861713 0.16981816656012194
16.929380052913146 0.10897583644280551
21.288068999568992 0.06186033913403022
26.768959070797663 0.03919604921661746
33.66097553275258 0.02455901419428619
