# PKDTree 2 point correlation for input file:b1T10.txt
# Separation[R]     Correlation Value[Xi(R)]
0.05511384273030778 4.416666666666666
0.06930361792381727 5.25
0.08714673518290574 4.416666666666667
0.10958379490934936 3.345238095238095
0.13779756730450518 3.5833333333333335
0.17327534213199275 -0.26892551892551897
0.21788733123721493 31.777472527472526
0.2739852568146237 34.26175346392738
0.3445263225058667 36.43530901722391
0.4332291024685567 28.126971514723778
0.5447695661120792 20.97188044668374
0.6850275719496073 12.519565370368003
0.8613968244963038 9.448843574966094
1.083174633599858 6.277826444937788
1.362052022376849 4.587993390659871
1.7127300198078674 3.660971665570841
2.1536946258719634 2.4583522523947208
2.7081913015281343 1.7427142366969943
3.4054503538092 1.2961693953356257
4.282227812235932 0.9226167460613247
5.384743023892677 0.6780289483149766
6.771115107540508 0.5291498648686213
8.514426704511402 0.37070084086447214
10.706576532093493 0.25899018972765375
13.463123826861713 0.17241531128572413
16.929380052913146 0.10701256110309561
21.288068999568992 0.062214832131844845
26.768959070797667 0.03802171870378768
33.66097553275258 0.023820814198202634
