# PKDTree 2 point correlation for input file:DLAhost_snap49_r1_b1T10 (copy).txt
# Separation[R]     Correlation Value[Xi(R)]
0.05511384273030778 35.0
0.06930361792381727 11.0
0.08714673518290574 4.142857142857142
0.10958379490934936 1.7692307692307692
0.13779756730450518 0.7142857142857142
0.17327534213199275 -0.027027027027026973
0.21788733123721493 29.122448979591837
0.2739852568146237 23.579310344827586
0.3445263225058667 23.841328413284135
0.4332291024685567 28.71812080536913
0.5447695661120792 20.614984391259107
0.6850275719496073 12.681841432225063
0.8613968244963038 9.049402390438248
1.083174633599858 6.5066291683407
1.362052022376849 4.575001641173767
1.7127300198078677 3.6959655621183307
2.1536946258719634 2.45842798727851
2.7081913015281343 1.7507230397353806
3.4054503538092 1.3106118526428188
4.282227812235932 0.9242248911799622
5.384743023892677 0.6765668074538955
6.771115107540508 0.5286705542665915
8.514426704511402 0.3689398802652888
10.706576532093493 0.2584061421156969
13.463123826861713 0.17305283241906944
16.929380052913146 0.107242411297511
21.288068999568992 0.06160136579188169
26.768959070797663 0.03800154051124349
33.66097553275258 0.024034465188572218
