# PKDTree 2 point correlation for input file:b1T10.txt
# Separation[R]     Correlation Value[Xi(R)]
0.05511384273030777 -0.044444444444444446
0.06930361792381726 -0.044444444444444446
0.08714673518290576 0.0
0.10958379490934939 0.0
0.13779756730450515 -0.13333333333333333
0.17327534213199278 -0.18666666666666665
0.21788733123721488 18.133333333333333
0.2739852568146236 36.27428571428571
0.3445263225058666 24.151143671143675
0.43322910246855684 29.201719741558744
0.5447695661120793 21.09183138008009
0.6850275719496074 13.555875405295335
0.8613968244963037 9.453249942224097
1.0831746335998582 6.741691484248891
1.3620520223768495 4.6238023087617215
1.7127300198078677 3.6976213202226376
2.1536946258719634 2.4466892056773406
2.708191301528134 1.7713211071335317
3.4054503538092002 1.305560936589843
4.282227812235932 0.9208349269199413
5.3847430238926774 0.6775915201930331
6.771115107540509 0.5253860056837839
8.514426704511404 0.36831556176688834
10.706576532093493 0.25865046076752196
13.463123826861711 0.1727388413255394
16.92938005291314 0.10702578335554687
21.288068999568985 0.06234479338785581
26.768959070797674 0.03845192658949099
33.66097553275257 0.024131564400220594
