# PKDTree 2 point correlation for input file:b1T10.txt
# Separation[R]     Correlation Value[Xi(R)]
0.05511384273030778 0.0
0.06930361792381727 0.0
0.08714673518290574 0.0
0.10958379490934936 0.0
0.13779756730450518 0.0
0.17327534213199275 0.0
0.21788733123721493 40.0
0.2739852568146237 13.142857142857142
0.3445263225058667 13.384615384615385
0.4332291024685567 16.571428571428573
0.5447695661120792 16.484848484848484
0.6850275719496073 14.808510638297872
0.8613968244963038 11.080459770114942
1.083174633599858 6.669950738916256
1.362052022376849 4.422988505747126
1.7127300198078677 3.784577723378213
2.1536946258719634 2.4412296564195297
2.7081913015281343 1.783132530120482
3.4054503538092 1.2573231185218567
4.282227812235932 0.9315915590940713
5.384743023892677 0.6658228819084877
6.771115107540508 0.5136816159904489
8.514426704511402 0.3721094370325351
10.706576532093493 0.2639627495420227
13.463123826861713 0.1721094374058696
16.929380052913146 0.10802332746204923
21.288068999568992 0.061169975013143585
26.768959070797663 0.03720478473862632
33.66097553275258 0.024746242228200543
