# PKDTree 2 point correlation for input file:DLAhost_snap49_r1_b1alpha (copy).txt
# Separation[R]     Correlation Value[Xi(R)]
0.05511384273030778 0.0
0.06930361792381727 0.0
0.08714673518290574 2.0
0.10958379490934936 14.0
0.13779756730450518 26.0
0.17327534213199275 38.0
0.21788733123721493 64.0
0.2739852568146237 90.0
0.3445263225058667 184.0
0.4332291024685567 79.33333333333333
0.5447695661120792 99.33333333333333
0.6850275719496073 155.33333333333334
0.8613968244963038 116.4
1.083174633599858 253.33333333333334
1.362052022376849 96.22222222222223
1.7127300198078677 58.588235294117645
2.1536946258719634 33.69230769230769
2.7081913015281343 15.073684210526316
3.4054503538092 15.024390243902438
4.282227812235932 8.422641509433962
5.384743023892677 5.510934393638171
6.771115107540508 3.197066911090743
8.514426704511402 2.364756039791568
10.706576532093493 1.4342258440046565
13.463123826861713 0.7695506526510338
16.929380052913146 0.4743960781997518
21.288068999568992 0.17684707270314104
26.768959070797663 0.07894384728602644
33.66097553275258 0.00040506784886473746
