# PKDTree 2 point correlation for input file:DLAhost_snap49_r1_b1T10 (copy).txt
# Separation[R]     Correlation Value[Xi(R)]
0.05511384273030778 1.25
0.06930361792381727 1.25
0.08714673518290574 1.25
0.10958379490934936 1.25
0.13779756730450518 -0.25
0.17327534213199275 -0.25
0.21788733123721493 91.25
0.2739852568146237 10.723684210526315
0.3445263225058667 31.365384615384613
0.4332291024685567 27.629310344827584
0.5447695661120792 21.004237288135595
0.6850275719496073 16.975806451612904
0.8613968244963038 9.062765957446809
1.083174633599858 7.090646651270207
1.362052022376849 4.957070707070707
1.7127300198078677 3.7619112073632914
2.1536946258719634 2.537661801156706
2.7081913015281343 1.7418165832544297
3.4054503538092 1.294899205864386
4.282227812235932 0.8980268710123891
5.384743023892677 0.6917553882108545
6.771115107540508 0.535466241850209
8.514426704511402 0.3665976003992104
10.706576532093493 0.25515724531402206
13.463123826861713 0.17126073762146232
16.929380052913146 0.10836625682704759
21.288068999568992 0.06210579693500118
26.768959070797663 0.03822127563412603
33.66097553275258 0.024091351334585287
