# PKDTree 2 point correlation for input file:b1T10.txt
# Separation[R]     Correlation Value[Xi(R)]
0.055113842730307755 0.0
0.06930361792381728 0.0
0.08714673518290578 -0.11199999999999999
0.10958379490934934 0.0
0.13779756730450513 -0.22400000000000006
0.17327534213199275 -0.3360000000000001
0.21788733123721482 22.97523809523809
0.27398525681462355 35.36457142857142
0.3445263225058667 26.562832722832724
0.4332291024685569 36.0063235835372
0.544769566112079 22.68895601090149
0.6850275719496074 13.708480514304101
0.8613968244963036 8.801403446053845
1.0831746335998576 6.286498387003556
1.36205202237685 4.575359631663174
1.712730019807867 3.690280747835475
2.1536946258719634 2.436864745159983
2.7081913015281334 1.7364089013153208
3.4054503538092002 1.3080189269057396
4.282227812235932 0.9197273743307648
5.384743023892678 0.6767732440611021
6.771115107540509 0.5246532606530941
8.514426704511406 0.3682993213802706
10.706576532093493 0.25947342626512226
13.46312382686171 0.17163731883765343
16.929380052913135 0.10749286145288714
21.288068999568978 0.062233089153008424
26.768959070797674 0.038372399665166805
33.660975532752566 0.02409762417704347
