# PKDTree 2 point correlation for input file:DLAhost_snap49_r1_b1 (copy).txt
# Separation[R]     Correlation Value[Xi(R)]
0.05511384273030778 0.0
0.06930361792381727 0.0
0.08714673518290574 4.0
0.10958379490934936 42.0
0.13779756730450518 96.0
0.17327534213199275 206.0
0.21788733123721493 370.0
0.2739852568146237 181.33333333333334
0.3445263225058667 173.6
0.4332291024685567 368.6666666666667
0.5447695661120792 504.0
0.6850275719496073 173.45454545454547
0.8613968244963038 102.34782608695652
1.083174633599858 67.53191489361703
1.362052022376849 46.588235294117645
1.7127300198078677 25.555555555555557
2.1536946258719634 17.07379134860051
2.7081913015281343 10.776047904191616
3.4054503538092 8.004947433518861
4.282227812235932 5.4469959106637305
5.384743023892677 3.8261431572144122
6.771115107540508 2.6672689938398357
8.514426704511402 1.8047862548578442
10.706576532093493 1.1456290723726132
13.463123826861713 0.6655085971062129
16.929380052913146 0.3750292845205929
21.288068999568992 0.18467024107599328
26.768959070797663 0.08726667271644062
33.66097553275258 -0.0033399925291386356
