# PKDTree 2 point correlation for input file:DLAhost_snap49_r1_b1 (copy).txt
# Separation[R]     Correlation Value[Xi(R)]
0.05511384273030778 0.0
0.06930361792381727 0.0
0.08714673518290574 4.0
0.10958379490934936 42.0
0.13779756730450518 96.0
0.17327534213199275 206.0
0.21788733123721493 370.0
0.2739852568146237 546.0
0.3445263225058667 290.0
0.4332291024685567 368.6666666666667
0.5447695661120792 167.33333333333334
0.6850275719496073 273.14285714285717
0.8613968244963038 102.34782608695652
1.083174633599858 64.73469387755102
1.362052022376849 35.44144144144144
1.7127300198078677 21.91780821917808
2.1536946258719634 17.64304461942257
2.7081913015281343 10.692033293697978
3.4054503538092 8.510777269758329
4.282227812235932 5.643435980551054
5.384743023892677 3.792074442483555
6.771115107540508 2.6630568545409794
8.514426704511402 1.7983755765070812
10.706576532093493 1.144042557561567
13.463123826861713 0.6607407714727267
16.929380052913146 0.37567385971217404
21.288068999568992 0.18531663899141404
26.768959070797663 0.090260606036628
33.66097553275258 -0.003644084266298031
