# PKDTree 2 point correlation for input file:DLAhost_snap49_r1_b1 (copy).txt
# Separation[R]     Correlation Value[Xi(R)]
0.05511384273030778 1.0
0.06930361792381727 1.0
0.08714673518290574 9.0
0.10958379490934936 85.0
0.13779756730450518 193.0
0.17327534213199275 413.0
0.21788733123721493 246.33333333333334
0.2739852568146237 1093.0
0.3445263225058667 348.2
0.4332291024685567 200.63636363636363
0.5447695661120792 143.28571428571428
0.6850275719496073 53.056338028169016
0.8613968244963038 41.07079646017699
1.083174633599858 33.44919786096256
1.362052022376849 21.286501377410467
1.7127300198078677 12.053315994798439
2.1536946258719634 7.8181253879577906
2.7081913015281343 5.128388906201309
3.4054503538092 3.6306249006201305
4.282227812235932 2.3365893365893364
5.384743023892677 1.3928700180252354
6.771115107540508 0.8232639810523308
8.514426704511402 0.4183051829173692
10.706576532093493 0.07221397646792971
13.463123826861713 -0.17006217393670642
16.929380052913146 -0.31153822593699454
21.288068999568992 -0.407900452542052
26.768959070797663 -0.45403826691079474
33.66097553275258 -0.5014474619838982
